<?xml version="1.0" encoding="utf-8"?>
<COLLADA xmlns="http://www.collada.org/2005/11/COLLADASchema" version="1.4.1">
  <asset>
    <contributor>
      <author>Mixamo</author>
      <authoring_tool>COLLADA Mixamo exporter</authoring_tool>
      <comments/>
    </contributor>
    <created>2023-06-05T09:10:04Z</created>
    <modified>2023-06-05T09:10:04Z</modified>
    <revision/>
    <title/>
    <unit meter="0.010000"/>
    <up_axis>Y_UP</up_axis>
  </asset>
  <library_animations>
    <animation id="mixamorig_Hips-anim" name="mixamorig_Hips">
      <source id="mixamorig_Hips-Matrix-animation-input">
        <float_array id="mixamorig_Hips-Matrix-animation-input-array" count="101">

0.000000 0.033333 0.066667 0.100000 0.133333 0.166667 0.200000 0.233333 0.266667 0.300000 0.333333 0.366667 0.400000 0.433333 0.466667 0.500000
0.533333 0.566667 0.600000 0.633333 0.666667 0.700000 0.733333 0.766667 0.800000 0.833333 0.866667 0.900000 0.933333 0.966667 1.000000 1.033333
1.066667 1.100000 1.133333 1.166667 1.200000 1.233333 1.266667 1.300000 1.333333 1.366667 1.400000 1.433333 1.466667 1.500000 1.533333 1.566667
1.600000 1.633333 1.666667 1.700000 1.733333 1.766667 1.800000 1.833333 1.866667 1.900000 1.933333 1.966667 2.000000 2.033333 2.066667 2.100000
2.133333 2.166667 2.200000 2.233333 2.266667 2.300000 2.333333 2.366667 2.400000 2.433333 2.466667 2.500000 2.533333 2.566667 2.600000 2.633333
2.666667 2.700000 2.733333 2.766667 2.800000 2.833333 2.866667 2.900000 2.933333 2.966667 3.000000 3.033333 3.066667 3.100000 3.133333 3.166667
3.200000 3.233333 3.266667 3.300000 3.333333</float_array>
        <technique_common>
          <accessor source="#mixamorig_Hips-Matrix-animation-input-array" count="101">
            <param name="TIME" type="float"/>
          </accessor>
        </technique_common>
      </source>
      <source id="mixamorig_Hips-Matrix-animation-output-transform">
        <float_array id="mixamorig_Hips-Matrix-animation-output-transform-array" count="1616">

0.949670 -0.002806 -0.313240 0.722122 -0.058429 0.980824 -0.185930 97.615265 0.307755 0.194875 0.931295 -2.063992 0.000000 0.000000 0.000000 1.000000
0.959204 0.000854 -0.282713 0.463807 -0.050326 0.984540 -0.167773 97.748505 0.278199 0.175157 0.944418 -1.852701 0.000000 0.000000 0.000000 1.000000
0.968704 0.003061 -0.248201 0.194605 -0.040376 0.988550 -0.145394 97.949951 0.244914 0.150865 0.957735 -1.624644 0.000000 0.000000 0.000000 1.000000
0.977575 0.004562 -0.210538 -0.089540 -0.030448 0.992322 -0.119875 98.208031 0.208375 0.123597 0.970208 -1.417032 0.000000 0.000000 0.000000 1.000000
0.985354 0.006465 -0.170396 -0.384007 -0.022961 0.995211 -0.095017 98.502090 0.168966 0.097537 0.980784 -1.286281 0.000000 0.000000 0.000000 1.000000
0.991880 0.010039 -0.126781 -0.646336 -0.019916 0.996842 -0.076876 98.803841 0.125609 0.078776 0.988947 -1.243216 0.000000 0.000000 0.000000 1.000000
0.997028 0.015011 -0.075561 -0.802879 -0.020037 0.997605 -0.066204 99.159073 0.074386 0.067522 0.994941 -1.122149 0.000000 0.000000 0.000000 1.000000
0.999728 0.018262 -0.014495 -0.807204 -0.018992 0.998471 -0.051908 99.698578 0.013525 0.052170 0.998547 -0.565865 0.000000 0.000000 0.000000 1.000000
0.998648 0.015440 0.049627 -0.667313 -0.014463 0.999696 -0.019993 100.484192 -0.049920 0.019248 0.998568 0.712593 0.000000 0.000000 0.000000 1.000000
0.994661 0.004303 0.103110 -0.415176 -0.007197 0.999590 0.027713 101.300156 -0.102948 -0.028308 0.994284 2.638505 0.000000 0.000000 0.000000 1.000000
0.990516 -0.013360 0.136745 -0.080259 0.003119 0.997191 0.074829 101.760895 -0.137361 -0.073693 0.987776 4.877440 0.000000 0.000000 0.000000 1.000000
0.987345 -0.034266 0.154841 0.292448 0.017251 0.993790 0.109926 101.620567 -0.157646 -0.105864 0.981805 7.166161 0.000000 0.000000 0.000000 1.000000
0.983356 -0.055210 0.173095 0.646946 0.031985 0.990438 0.134198 100.888092 -0.178849 -0.126428 0.975720 9.414420 0.000000 0.000000 0.000000 1.000000
0.975801 -0.072637 0.206243 0.930995 0.040926 0.987214 0.154055 99.690994 -0.214796 -0.141886 0.966297 11.595889 0.000000 0.000000 0.000000 1.000000
0.962786 -0.085955 0.256234 1.103082 0.041795 0.984026 0.173051 98.157578 -0.267015 -0.155902 0.950998 13.708196 0.000000 0.000000 0.000000 1.000000
0.945001 -0.098566 0.311863 1.155822 0.039385 0.980865 0.190665 96.436546 -0.324689 -0.167896 0.930800 15.809643 0.000000 0.000000 0.000000 1.000000
0.926964 -0.113481 0.357575 1.102123 0.040057 0.977642 0.206424 94.709038 -0.373006 -0.177024 0.910785 17.978519 0.000000 0.000000 0.000000 1.000000
0.914285 -0.129046 0.383965 0.927353 0.044368 0.974097 0.221736 93.119949 -0.402633 -0.185694 0.896328 20.247396 0.000000 0.000000 0.000000 1.000000
0.908831 -0.140705 0.392720 0.615475 0.048098 0.970466 0.236393 91.683693 -0.414383 -0.195952 0.888757 22.558231 0.000000 0.000000 0.000000 1.000000
0.908017 -0.146153 0.392613 0.200477 0.048923 0.967753 0.247105 90.321976 -0.416067 -0.205168 0.885886 24.799858 0.000000 0.000000 0.000000 1.000000
0.908429 -0.147748 0.391059 -0.251755 0.048404 0.966344 0.252658 88.919106 -0.415227 -0.210593 0.885007 26.907421 0.000000 0.000000 0.000000 1.000000
0.909149 -0.149615 0.388669 -0.702201 0.049142 0.965262 0.256619 87.354271 -0.413561 -0.214205 0.884920 28.887827 0.000000 0.000000 0.000000 1.000000
0.911526 -0.153413 0.381555 -1.146955 0.052630 0.963701 0.261746 85.487961 -0.407860 -0.218508 0.886513 30.740614 0.000000 0.000000 0.000000 1.000000
0.916659 -0.157813 0.367193 -1.615371 0.059609 0.962449 0.264835 83.161171 -0.395199 -0.220876 0.891645 32.452675 0.000000 0.000000 0.000000 1.000000
0.923959 -0.160938 0.346984 -2.149485 0.069764 0.962862 0.260825 80.235077 -0.376075 -0.216784 0.900873 34.028076 0.000000 0.000000 0.000000 1.000000
0.931708 -0.162640 0.324758 -2.748179 0.081569 0.964996 0.249259 76.681030 -0.353930 -0.205747 0.912361 35.472115 0.000000 0.000000 0.000000 1.000000
0.938611 -0.164099 0.303448 -3.349197 0.093954 0.967965 0.232845 72.566574 -0.331937 -0.190041 0.923960 36.753365 0.000000 0.000000 0.000000 1.000000
0.944970 -0.165210 0.282378 -3.894350 0.106453 0.971431 0.212110 67.968285 -0.309353 -0.170377 0.935560 37.845631 0.000000 0.000000 0.000000 1.000000
0.952520 -0.163780 0.256674 -4.368369 0.117522 0.975441 0.186289 62.828354 -0.280881 -0.147279 0.948375 38.786835 0.000000 0.000000 0.000000 1.000000
0.963334 -0.158902 0.216190 -4.764476 0.125540 0.979065 0.160225 57.053467 -0.237124 -0.127210 0.963115 39.643215 0.000000 0.000000 0.000000 1.000000
0.976581 -0.154019 0.150223 -5.015950 0.132640 0.980756 0.143266 50.875828 -0.169398 -0.119985 0.978217 40.245480 0.000000 0.000000 0.000000 1.000000
0.985674 -0.156741 0.062280 -4.867834 0.147727 0.980496 0.129630 45.290825 -0.081383 -0.118572 0.989605 40.293716 0.000000 0.000000 0.000000 1.000000
0.985176 -0.170608 -0.017943 -4.257643 0.171542 0.980647 0.094368 41.753063 0.001496 -0.096047 0.995376 39.894882 0.000000 0.000000 0.000000 1.000000
0.980534 -0.186232 -0.062219 -3.345814 0.188429 0.981581 0.031500 40.842239 0.055207 -0.042610 0.997565 39.572968 0.000000 0.000000 0.000000 1.000000
0.979515 -0.184978 -0.079579 -2.453894 0.183275 0.982656 -0.028258 42.002514 0.083426 0.013094 0.996428 39.811142 0.000000 0.000000 0.000000 1.000000
0.980560 -0.169283 -0.099222 -1.911214 0.165226 0.985095 -0.047833 44.082130 0.105840 0.030509 0.993915 40.623947 0.000000 0.000000 0.000000 1.000000
0.979683 -0.155458 -0.126705 -1.771595 0.154283 0.987842 -0.019099 46.097301 0.128133 -0.000837 0.991757 41.841515 0.000000 0.000000 0.000000 1.000000
0.978873 -0.144474 -0.144688 -1.837000 0.149259 0.988537 0.022724 47.492706 0.139747 -0.043840 0.989216 43.397228 0.000000 0.000000 0.000000 1.000000
0.980826 -0.128067 -0.146896 -1.922122 0.135096 0.990070 0.038870 48.113739 0.140460 -0.057970 0.988388 45.272018 0.000000 0.000000 0.000000 1.000000
0.983242 -0.104137 -0.149632 -1.973531 0.110122 0.993394 0.032263 48.107407 0.145284 -0.048200 0.988215 47.386181 0.000000 0.000000 0.000000 1.000000
0.982567 -0.075069 -0.170080 -2.002077 0.081618 0.996155 0.031839 47.850906 0.167036 -0.045165 0.984916 49.597332 0.000000 0.000000 0.000000 1.000000
0.977232 -0.045233 -0.207298 -2.007926 0.056150 0.997312 0.047083 47.776756 0.204611 -0.057650 0.977144 51.794518 0.000000 0.000000 0.000000 1.000000
0.969018 -0.021235 -0.246074 -1.962371 0.037275 0.997459 0.060712 48.104591 0.244160 -0.068003 0.967348 53.974777 0.000000 0.000000 0.000000 1.000000
0.962995 -0.007370 -0.269417 -1.831202 0.023632 0.998085 0.057165 48.744003 0.268480 -0.061417 0.961325 56.201336 0.000000 0.000000 0.000000 1.000000
0.963643 -0.001660 -0.267188 -1.608816 0.012663 0.999141 0.039463 49.429447 0.266893 -0.041412 0.962836 58.535839 0.000000 0.000000 0.000000 1.000000
0.970854 0.002278 -0.239662 -1.333375 0.002875 0.999772 0.021146 49.910217 0.239655 -0.021219 0.970626 61.012527 0.000000 0.000000 0.000000 1.000000
0.980423 0.008825 -0.196703 -1.060695 -0.006600 0.999907 0.011964 50.055676 0.196790 -0.010431 0.980390 63.636723 0.000000 0.000000 0.000000 1.000000
0.988559 0.017741 -0.149791 -0.800370 -0.016195 0.999802 0.011533 49.843803 0.149966 -0.008975 0.988650 66.350395 0.000000 0.000000 0.000000 1.000000
0.994157 0.026830 -0.104553 -0.524552 -0.025587 0.999585 0.013210 49.355862 0.104864 -0.010458 0.994432 69.115013 0.000000 0.000000 0.000000 1.000000
0.997444 0.034363 -0.062643 -0.210202 -0.033779 0.999376 0.010355 48.679611 0.062959 -0.008212 0.997982 71.907982 0.000000 0.000000 0.000000 1.000000
0.998860 0.039545 -0.026723 0.133529 -0.039612 0.999213 -0.001972 47.860592 0.026624 0.003029 0.999641 74.724236 0.000000 0.000000 0.000000 1.000000
0.999137 0.041542 -0.000274 0.466955 -0.041534 0.998763 -0.027322 46.894218 -0.000862 0.027310 0.999627 77.531418 0.000000 0.000000 0.000000 1.000000
0.999077 0.039615 0.016591 0.735977 -0.038433 0.997054 -0.066373 45.761776 -0.019171 0.065674 0.997657 80.276939 0.000000 0.000000 0.000000 1.000000
0.999013 0.034870 0.027498 0.882412 -0.031449 0.992715 -0.116306 44.450317 -0.031354 0.115327 0.992833 82.944145 0.000000 0.000000 0.000000 1.000000
0.998726 0.032746 0.038395 0.879139 -0.025574 0.984359 -0.174310 42.990681 -0.043502 0.173106 0.983942 85.608376 0.000000 0.000000 0.000000 1.000000
0.997887 0.037840 0.052824 0.726008 -0.024094 0.970467 -0.240030 41.375504 -0.060346 0.238250 0.969327 88.298393 0.000000 0.000000 0.000000 1.000000
0.996448 0.046185 0.070414 0.477232 -0.021856 0.949366 -0.313412 39.526001 -0.081324 0.310759 0.947003 91.084099 0.000000 0.000000 0.000000 1.000000
0.994954 0.047226 0.088527 0.174166 -0.008739 0.919741 -0.392428 37.277771 -0.099955 0.389674 0.915513 93.957458 0.000000 0.000000 0.000000 1.000000
0.993282 0.039999 0.108582 -0.213305 0.016389 0.880267 -0.474196 34.569565 -0.114549 0.472790 0.873698 96.834869 0.000000 0.000000 0.000000 1.000000
0.990266 0.035643 0.134546 -0.757345 0.045608 0.830196 -0.555603 31.466194 -0.131503 0.556331 0.820489 99.610619 0.000000 0.000000 0.000000 1.000000
0.985126 0.041356 0.166782 -1.484741 0.075064 0.769523 -0.634193 27.998831 -0.154571 0.637279 0.754972 102.245079 0.000000 0.000000 0.000000 1.000000
0.978126 0.051656 0.201499 -2.366206 0.108938 0.698011 -0.707753 24.076979 -0.177208 0.714222 0.677115 104.749237 0.000000 0.000000 0.000000 1.000000
0.970297 0.057666 0.234943 -3.381158 0.150414 0.616822 -0.772597 19.682112 -0.189470 0.784988 0.589826 107.095177 0.000000 0.000000 0.000000 1.000000
0.961153 0.064314 0.268419 -4.528689 0.195683 0.527068 -0.826987 15.341138 -0.194662 0.847386 0.494008 109.201881 0.000000 0.000000 0.000000 1.000000
0.944539 0.096516 0.313896 -5.758283 0.246430 0.423487 -0.871740 12.194298 -0.217067 0.900746 0.376216 110.995857 0.000000 0.000000 0.000000 1.000000
0.906257 0.171207 0.386506 -6.991079 0.326593 0.296941 -0.897309 11.009188 -0.268395 0.939422 0.213189 112.555901 0.000000 0.000000 0.000000 1.000000
0.840107 0.256083 0.478166 -8.271187 0.453016 0.153584 -0.878173 11.365434 -0.298324 0.954376 0.013017 114.279999 0.000000 0.000000 0.000000 1.000000
0.776424 0.287610 0.560755 -9.818510 0.579281 0.024717 -0.814753 12.439587 -0.248192 0.957428 -0.147416 116.686401 0.000000 0.000000 0.000000 1.000000
0.749214 0.244747 0.615449 -11.803104 0.645143 -0.059369 -0.761752 13.879602 -0.149898 0.967768 -0.202377 119.854652 0.000000 0.000000 0.000000 1.000000
0.751507 0.171868 0.636944 -14.036476 0.656319 -0.096793 -0.748249 15.457340 -0.066948 0.980353 -0.185541 123.179977 0.000000 0.000000 0.000000 1.000000
0.756038 0.121075 0.643232 -16.076252 0.654351 -0.116988 -0.747087 16.605656 -0.015203 0.985725 -0.167673 126.104355 0.000000 0.000000 0.000000 1.000000
0.745581 0.105345 0.658036 -17.670864 0.665968 -0.153924 -0.729927 16.931721 0.024393 0.982451 -0.184920 128.547577 0.000000 0.000000 0.000000 1.000000
0.725952 0.113190 0.678367 -18.932171 0.684701 -0.211658 -0.697413 16.692341 0.064642 0.970767 -0.231155 130.605743 0.000000 0.000000 0.000000 1.000000
0.717129 0.131481 0.684426 -20.071110 0.690599 -0.266239 -0.672451 16.313417 0.093806 0.954898 -0.281728 132.286804 0.000000 0.000000 0.000000 1.000000
0.729301 0.151388 0.667235 -21.073654 0.677672 -0.294159 -0.673967 15.907504 0.094242 0.943691 -0.317122 133.472214 0.000000 0.000000 0.000000 1.000000
0.756286 0.169372 0.631937 -21.750187 0.651127 -0.288994 -0.701795 15.379004 0.063762 0.942229 -0.328845 134.047318 0.000000 0.000000 0.000000 1.000000
0.787856 0.185754 0.587179 -22.109697 0.615703 -0.259077 -0.744170 14.710592 0.013893 0.947826 -0.318484 133.923553 0.000000 0.000000 0.000000 1.000000
0.814551 0.198897 0.544928 -22.472013 0.579001 -0.221172 -0.784756 14.063133 -0.035563 0.954737 -0.295317 133.113708 0.000000 0.000000 0.000000 1.000000
0.828385 0.207712 0.520225 -22.939314 0.556261 -0.195665 -0.807644 13.641666 -0.065968 0.958421 -0.277629 131.958176 0.000000 0.000000 0.000000 1.000000
0.827045 0.220585 0.517048 -23.047497 0.557033 -0.197937 -0.806558 13.521800 -0.075571 0.955072 -0.286575 130.981781 0.000000 0.000000 0.000000 1.000000
0.816823 0.247178 0.521251 -22.612324 0.571913 -0.228551 -0.787832 13.733353 -0.075602 0.941630 -0.328050 130.351532 0.000000 0.000000 0.000000 1.000000
0.808804 0.283467 0.515251 -22.058849 0.582788 -0.269086 -0.766780 14.166338 -0.078710 0.920456 -0.382839 129.863693 0.000000 0.000000 0.000000 1.000000
0.808907 0.315462 0.496138 -21.688267 0.580052 -0.290474 -0.761028 14.430058 -0.095961 0.903387 -0.417951 129.516510 0.000000 0.000000 0.000000 1.000000
0.813515 0.333416 0.476474 -21.452507 0.567293 -0.274715 -0.776344 14.089202 -0.127951 0.901868 -0.412629 129.370819 0.000000 0.000000 0.000000 1.000000
0.815758 0.338746 0.468818 -21.248831 0.555029 -0.230415 -0.799282 13.198212 -0.162730 0.912228 -0.375977 129.264404 0.000000 0.000000 0.000000 1.000000
0.814292 0.337802 0.472036 -21.066580 0.549210 -0.185165 -0.814913 12.336493 -0.187874 0.922824 -0.336303 129.013580 0.000000 0.000000 0.000000 1.000000
0.814492 0.335098 0.473616 -20.901932 0.544464 -0.159502 -0.823479 11.981895 -0.200404 0.928584 -0.312362 128.680450 0.000000 0.000000 0.000000 1.000000
0.821290 0.332528 0.463582 -20.698999 0.532278 -0.154156 -0.832416 12.065692 -0.205338 0.930409 -0.303604 128.364029 0.000000 0.000000 0.000000 1.000000
0.832683 0.329904 0.444749 -20.473661 0.513850 -0.160989 -0.842639 12.241525 -0.206391 0.930186 -0.303574 128.109024 0.000000 0.000000 0.000000 1.000000
0.842253 0.326861 0.428687 -20.321363 0.499205 -0.172743 -0.849090 12.286185 -0.203482 0.929151 -0.308664 127.937210 0.000000 0.000000 0.000000 1.000000
0.845813 0.324122 0.423728 -20.270735 0.495448 -0.182728 -0.849201 12.186998 -0.197818 0.928200 -0.315140 127.865913 0.000000 0.000000 0.000000 1.000000
0.843935 0.322409 0.428750 -20.267359 0.500418 -0.185190 -0.845746 12.028110 -0.193276 0.928309 -0.317627 127.816124 0.000000 0.000000 0.000000 1.000000
0.839726 0.321809 0.437377 -20.249895 0.507549 -0.178853 -0.842856 11.890450 -0.193012 0.929758 -0.313521 127.785187 0.000000 0.000000 0.000000 1.000000
0.836090 0.321470 0.444534 -20.218960 0.512436 -0.168341 -0.842064 11.819729 -0.195865 0.931836 -0.305481 127.765076 0.000000 0.000000 0.000000 1.000000
0.834228 0.320522 0.448698 -20.194159 0.514605 -0.160195 -0.842330 11.788532 -0.198106 0.933597 -0.298581 127.749207 0.000000 0.000000 0.000000 1.000000
0.833939 0.319018 0.450304 -20.147137 0.515197 -0.157615 -0.842454 11.735039 -0.197783 0.934551 -0.295798 127.736008 0.000000 0.000000 0.000000 1.000000
0.834840 0.317240 0.449890 -20.081488 0.514492 -0.158950 -0.842635 11.669244 -0.195808 0.934930 -0.295915 127.725571 0.000000 0.000000 0.000000 1.000000
0.837000 0.314480 0.447810 -20.013210 0.511884 -0.160735 -0.843883 11.610990 -0.193405 0.935557 -0.295513 127.719467 0.000000 0.000000 0.000000 1.000000
0.840627 0.309622 0.444388 -19.962376 0.507071 -0.161581 -0.846623 11.569460 -0.190328 0.937030 -0.292829 127.719803 0.000000 0.000000 0.000000 1.000000
0.845603 0.302590 0.439766 -19.943853 0.500398 -0.162438 -0.850421 11.541553 -0.185894 0.939177 -0.288773 127.725647 0.000000 0.000000 0.000000 1.000000
0.851487 0.294333 0.433979 -19.966274 0.492429 -0.164367 -0.854692 11.523636 -0.180232 0.941463 -0.284894 127.734833 0.000000 0.000000 0.000000 1.000000</float_array>
        <technique_common>
          <accessor source="#mixamorig_Hips-Matrix-animation-output-transform-array" count="101" stride="16">
            <param type="float4x4"/>
          </accessor>
        </technique_common>
      </source>
      <source id="mixamorig_Hips-Interpolations">
        <Name_array id="mixamorig_Hips-Interpolations-array" count="101">
 LINEAR LINEAR LINEAR LINEAR LINEAR LINEAR LINEAR LINEAR LINEAR LINEAR LINEAR
LINEAR LINEAR LINEAR LINEAR LINEAR LINEAR LINEAR LINEAR LINEAR LINEAR LINEAR LINEAR
LINEAR LINEAR LINEAR LINEAR LINEAR LINEAR LINEAR LINEAR LINEAR LINEAR LINEAR LINEAR
LINEAR LINEAR LINEAR LINEAR LINEAR LINEAR LINEAR LINEAR LINEAR LINEAR LINEAR LINEAR
LINEAR LINEAR LINEAR LINEAR LINEAR LINEAR LINEAR LINEAR LINEAR LINEAR LINEAR LINEAR
LINEAR LINEAR LINEAR LINEAR LINEAR LINEAR LINEAR LINEAR LINEAR LINEAR LINEAR LINEAR
LINEAR LINEAR LINEAR LINEAR LINEAR LINEAR LINEAR LINEAR LINEAR LINEAR LINEAR LINEAR
LINEAR LINEAR LINEAR LINEAR LINEAR LINEAR LINEAR LINEAR LINEAR LINEAR LINEAR LINEAR
LINEAR LINEAR LINEAR LINEAR LINEAR LINEAR</Name_array>
        <technique_common>
          <accessor source="#mixamorig_Hips-Interpolations-array" count="101">
            <param type="name"/>
          </accessor>
        </technique_common>
      </source>
      <sampler id="mixamorig_Hips-Matrix-animation-transform">
        <input semantic="INPUT" source="#mixamorig_Hips-Matrix-animation-input"/>
        <input semantic="OUTPUT" source="#mixamorig_Hips-Matrix-animation-output-transform"/>
        <input semantic="INTERPOLATION" source="#mixamorig_Hips-Interpolations"/>
      </sampler>
      <channel source="#mixamorig_Hips-Matrix-animation-transform" target="mixamorig_Hips/matrix"/>
    </animation>
    <animation id="mixamorig_Spine-anim" name="mixamorig_Spine">
      <source id="mixamorig_Spine-Matrix-animation-input">
        <float_array id="mixamorig_Spine-Matrix-animation-input-array" count="101">

0.000000 0.033333 0.066667 0.100000 0.133333 0.166667 0.200000 0.233333 0.266667 0.300000 0.333333 0.366667 0.400000 0.433333 0.466667 0.500000
0.533333 0.566667 0.600000 0.633333 0.666667 0.700000 0.733333 0.766667 0.800000 0.833333 0.866667 0.900000 0.933333 0.966667 1.000000 1.033333
1.066667 1.100000 1.133333 1.166667 1.200000 1.233333 1.266667 1.300000 1.333333 1.366667 1.400000 1.433333 1.466667 1.500000 1.533333 1.566667
1.600000 1.633333 1.666667 1.700000 1.733333 1.766667 1.800000 1.833333 1.866667 1.900000 1.933333 1.966667 2.000000 2.033333 2.066667 2.100000
2.133333 2.166667 2.200000 2.233333 2.266667 2.300000 2.333333 2.366667 2.400000 2.433333 2.466667 2.500000 2.533333 2.566667 2.600000 2.633333
2.666667 2.700000 2.733333 2.766667 2.800000 2.833333 2.866667 2.900000 2.933333 2.966667 3.000000 3.033333 3.066667 3.100000 3.133333 3.166667
3.200000 3.233333 3.266667 3.300000 3.333333</float_array>
        <technique_common>
          <accessor source="#mixamorig_Spine-Matrix-animation-input-array" count="101">
            <param name="TIME" type="float"/>
          </accessor>
        </technique_common>
      </source>
      <source id="mixamorig_Spine-Matrix-animation-output-transform">
        <float_array id="mixamorig_Spine-Matrix-animation-output-transform-array" count="1616">

0.999439 -0.032213 -0.009153 -0.023000 0.031686 0.998103 -0.052784 13.157000 0.010836 0.052464 0.998564 0.957400 0.000000 0.000000 0.000000 1.000000
0.999560 -0.028293 -0.008903 -0.023000 0.027692 0.997716 -0.061607 13.157000 0.010625 0.061333 0.998061 0.957400 0.000000 0.000000 0.000000 1.000000
0.999704 -0.023110 -0.007572 -0.023000 0.022519 0.997255 -0.070530 13.157000 0.009181 0.070338 0.997481 0.957400 0.000000 0.000000 0.000000 1.000000
0.999812 -0.017930 -0.007408 -0.023000 0.017267 0.996529 -0.081439 13.157000 0.008843 0.081296 0.996651 0.957400 0.000000 0.000000 0.000000 1.000000
0.999931 -0.011501 -0.002323 -0.023000 0.011228 0.995395 -0.095199 13.157000 0.003407 0.095167 0.995456 0.957400 0.000000 0.000000 0.000000 1.000000
0.999964 -0.007618 -0.003688 -0.023000 0.007181 0.994258 -0.106765 13.157000 0.004480 0.106735 0.994277 0.957400 0.000000 0.000000 0.000000 1.000000
0.999989 -0.003840 0.002711 -0.023000 0.004147 0.992243 -0.124243 13.157000 -0.002212 0.124253 0.992248 0.957400 0.000000 0.000000 0.000000 1.000000
0.999966 -0.003629 0.007399 -0.023000 0.004468 0.993148 -0.116777 13.157000 -0.006924 0.116806 0.993131 0.957400 0.000000 0.000000 0.000000 1.000000
0.999555 -0.010247 0.028021 -0.023000 0.013061 0.994684 -0.102138 13.157000 -0.026826 0.102459 0.994375 0.957400 0.000000 0.000000 0.000000 1.000000
0.999099 -0.015179 0.039640 -0.023000 0.018341 0.996573 -0.080661 13.157000 -0.038279 0.081316 0.995953 0.957400 0.000000 0.000000 0.000000 1.000000
0.998809 -0.024320 0.042286 -0.023000 0.026253 0.998607 -0.045777 13.157000 -0.041114 0.046833 0.998056 0.957400 0.000000 0.000000 0.000000 1.000000
0.998051 -0.030566 0.054403 -0.023000 0.031506 0.999367 -0.016510 13.157000 -0.053864 0.018192 0.998383 0.957400 0.000000 0.000000 0.000000 1.000000
0.996559 -0.034539 0.075345 -0.023000 0.033765 0.999363 0.011531 13.157000 -0.075695 -0.008947 0.997091 0.957400 0.000000 0.000000 0.000000 1.000000
0.995420 -0.038156 0.087658 -0.023000 0.035412 0.998839 0.032652 13.157000 -0.088802 -0.029398 0.995615 0.957400 0.000000 0.000000 0.000000 1.000000
0.994630 -0.042239 0.094479 -0.023000 0.038049 0.998229 0.045719 13.157000 -0.096243 -0.041879 0.994476 0.957400 0.000000 0.000000 0.000000 1.000000
0.993443 -0.033523 0.109304 -0.023000 0.027802 0.998184 0.053448 13.157000 -0.110897 -0.050058 0.992570 0.957400 0.000000 0.000000 0.000000 1.000000
0.990768 -0.012306 0.135011 -0.023000 0.003582 0.997900 0.064670 13.157000 -0.135524 -0.063589 0.988731 0.957400 0.000000 0.000000 0.000000 1.000000
0.986265 0.012358 0.164706 -0.023000 -0.025891 0.996437 0.080272 13.157000 -0.163127 -0.083434 0.983071 0.957400 0.000000 0.000000 0.000000 1.000000
0.980242 0.035791 0.194539 -0.023000 -0.053633 0.994743 0.087237 13.157000 -0.190394 -0.095947 0.977008 0.957400 0.000000 0.000000 0.000000 1.000000
0.974312 0.049140 0.219776 -0.023000 -0.071291 0.993015 0.094015 13.157000 -0.213621 -0.107268 0.971010 0.957400 0.000000 0.000000 0.000000 1.000000
0.971242 0.058167 0.230880 -0.023000 -0.083511 0.991318 0.101559 13.157000 -0.222968 -0.117919 0.967667 0.957400 0.000000 0.000000 0.000000 1.000000
0.970095 0.062544 0.234531 -0.023000 -0.090069 0.990003 0.108545 13.157000 -0.225398 -0.126423 0.966030 0.957400 0.000000 0.000000 0.000000 1.000000
0.969997 0.060944 0.235354 -0.023000 -0.087991 0.990446 0.106180 13.157000 -0.226635 -0.123704 0.966092 0.957400 0.000000 0.000000 0.000000 1.000000
0.969549 0.057726 0.237995 -0.023000 -0.083181 0.991671 0.098335 13.157000 -0.230336 -0.115138 0.966276 0.957400 0.000000 0.000000 0.000000 1.000000
0.967466 0.056945 0.246509 -0.023000 -0.080878 0.992825 0.088073 13.157000 -0.239725 -0.105144 0.965130 0.957400 0.000000 0.000000 0.000000 1.000000
0.963671 0.057676 0.260790 -0.023000 -0.079335 0.994150 0.073294 13.157000 -0.255037 -0.091321 0.962609 0.957400 0.000000 0.000000 0.000000 1.000000
0.959821 0.061447 0.273803 -0.023000 -0.078740 0.995506 0.052612 13.157000 -0.269340 -0.072057 0.960346 0.957400 0.000000 0.000000 0.000000 1.000000
0.957575 0.063240 0.281160 -0.023000 -0.074531 0.996778 0.029639 13.157000 -0.278379 -0.049337 0.959203 0.957400 0.000000 0.000000 0.000000 1.000000
0.959062 0.056749 0.277452 -0.023000 -0.060081 0.998187 0.003513 13.157000 -0.276750 -0.020039 0.960733 0.957400 0.000000 0.000000 0.000000 1.000000
0.959476 0.042860 0.278511 -0.023000 -0.037900 0.999013 -0.023169 13.157000 -0.279229 0.011675 0.960153 0.957400 0.000000 0.000000 0.000000 1.000000
0.959204 0.031205 0.280988 -0.023000 -0.017185 0.998487 -0.052225 13.157000 -0.282193 0.045266 0.958289 0.957400 0.000000 0.000000 0.000000 1.000000
0.960081 0.021812 0.278871 -0.023000 0.014254 0.991845 -0.126651 13.157000 -0.279359 0.125570 0.951941 0.957400 0.000000 0.000000 0.000000 1.000000
0.958070 0.012464 0.286262 -0.023000 0.042589 0.981762 -0.185282 13.157000 -0.283351 0.189705 0.940066 0.957400 0.000000 0.000000 0.000000 1.000000
0.968978 0.012985 0.246806 -0.023000 0.035883 0.980646 -0.192472 13.157000 -0.244528 0.195357 0.949759 0.957400 0.000000 0.000000 0.000000 1.000000
0.977358 -0.052641 0.204941 -0.023000 0.085716 0.984028 -0.156018 13.157000 -0.193454 0.170052 0.966260 0.957400 0.000000 0.000000 0.000000 1.000000
0.985565 -0.100067 0.136558 -0.023000 0.112837 0.989601 -0.089208 13.157000 -0.126211 0.103329 0.986607 0.957400 0.000000 0.000000 0.000000 1.000000
0.992030 -0.107689 0.065424 -0.023000 0.113803 0.988629 -0.098295 13.157000 -0.054095 0.104957 0.993004 0.957400 0.000000 0.000000 0.000000 1.000000
0.995057 -0.099306 -0.000184 -0.023000 0.098481 0.987019 -0.126867 13.157000 0.012780 0.126222 0.991920 0.957400 0.000000 0.000000 0.000000 1.000000
0.993408 -0.098807 -0.058126 -0.023000 0.090828 0.987764 -0.126776 13.157000 0.069941 0.120660 0.990227 0.957400 0.000000 0.000000 0.000000 1.000000
0.987913 -0.103021 -0.115818 -0.023000 0.090962 0.990305 -0.104981 13.157000 0.125511 0.093177 0.987707 0.957400 0.000000 0.000000 0.000000 1.000000
0.981550 -0.109087 -0.157035 -0.023000 0.094997 0.990971 -0.094618 13.157000 0.165939 0.077955 0.983050 0.957400 0.000000 0.000000 0.000000 1.000000
0.976301 -0.115957 -0.182728 -0.023000 0.099572 0.990344 -0.096455 13.157000 0.192148 0.075974 0.978421 0.957400 0.000000 0.000000 0.000000 1.000000
0.973409 -0.120574 -0.194776 -0.023000 0.105608 0.990724 -0.085514 13.157000 0.203280 0.062670 0.977113 0.957400 0.000000 0.000000 0.000000 1.000000
0.973183 -0.124903 -0.193171 -0.023000 0.116409 0.991691 -0.054755 13.157000 0.198405 0.030800 0.979636 0.957400 0.000000 0.000000 0.000000 1.000000
0.973463 -0.129260 -0.188844 -0.023000 0.128897 0.991555 -0.014257 13.157000 0.189092 -0.010462 0.981904 0.957400 0.000000 0.000000 0.000000 1.000000
0.972332 -0.134511 -0.190992 -0.023000 0.142760 0.989301 0.030042 13.157000 0.184908 -0.056477 0.981132 0.957400 0.000000 0.000000 0.000000 1.000000
0.971946 -0.136242 -0.191726 -0.023000 0.151262 0.986291 0.065954 13.157000 0.180112 -0.093104 0.979230 0.957400 0.000000 0.000000 0.000000 1.000000
0.974181 -0.130710 -0.184082 -0.023000 0.149943 0.984148 0.094705 13.157000 0.168786 -0.119862 0.978338 0.957400 0.000000 0.000000 0.000000 1.000000
0.978183 -0.122147 -0.168041 -0.023000 0.143089 0.982563 0.118722 13.157000 0.150609 -0.140177 0.978605 0.957400 0.000000 0.000000 0.000000 1.000000
0.980919 -0.111467 -0.159288 -0.023000 0.133985 0.981268 0.138426 13.157000 0.140874 -0.157127 0.977479 0.957400 0.000000 0.000000 0.000000 1.000000
0.983106 -0.102361 -0.151742 -0.023000 0.126171 0.979561 0.156656 13.157000 0.132605 -0.173155 0.975927 0.957400 0.000000 0.000000 0.000000 1.000000
0.985438 -0.091419 -0.143365 -0.023000 0.116036 0.977881 0.174022 13.157000 0.124285 -0.188124 0.974250 0.957400 0.000000 0.000000 0.000000 1.000000
0.987635 -0.081640 -0.133838 -0.023000 0.107172 0.974665 0.196321 13.157000 0.114420 -0.208237 0.971363 0.957400 0.000000 0.000000 0.000000 1.000000
0.989617 -0.069332 -0.125903 -0.023000 0.095631 0.971550 0.216667 13.157000 0.107299 -0.226457 0.968093 0.957400 0.000000 0.000000 0.000000 1.000000
0.991135 -0.059710 -0.118688 -0.023000 0.086166 0.968861 0.232129 13.157000 0.101132 -0.240298 0.965417 0.957400 0.000000 0.000000 0.000000 1.000000
0.993361 -0.052713 -0.102256 -0.023000 0.076323 0.967037 0.242927 13.157000 0.086080 -0.249119 0.964640 0.957400 0.000000 0.000000 0.000000 1.000000
0.993822 -0.059082 -0.093953 -0.023000 0.081579 0.962843 0.257446 13.157000 0.075251 -0.263520 0.961714 0.957400 0.000000 0.000000 0.000000 1.000000
0.995104 -0.054683 -0.082327 -0.023000 0.074453 0.962584 0.260557 13.157000 0.064999 -0.265410 0.961942 0.957400 0.000000 0.000000 0.000000 1.000000
0.997996 -0.027539 -0.056974 -0.023000 0.041838 0.962631 0.267564 13.157000 0.047477 -0.269411 0.961854 0.957400 0.000000 0.000000 0.000000 1.000000
0.999446 0.000194 -0.033271 -0.023000 0.008827 0.962609 0.270752 13.157000 0.032080 -0.270896 0.962074 0.957400 0.000000 0.000000 0.000000 1.000000
0.999575 0.027655 -0.009210 -0.023000 -0.024326 0.965534 0.259139 13.157000 0.016059 -0.258805 0.965796 0.957400 0.000000 0.000000 0.000000 1.000000
0.997836 0.063938 0.015312 -0.023000 -0.065744 0.969009 0.238115 13.157000 0.000387 -0.238606 0.971116 0.957400 0.000000 0.000000 0.000000 1.000000
0.994807 0.096875 0.031212 -0.023000 -0.101297 0.972199 0.211114 13.157000 -0.009893 -0.213179 0.976963 0.957400 0.000000 0.000000 0.000000 1.000000
0.989324 0.133821 0.057714 -0.023000 -0.141576 0.976451 0.162785 13.157000 -0.034571 -0.169218 0.984972 0.957400 0.000000 0.000000 0.000000 1.000000
0.982546 0.153682 0.104812 -0.023000 -0.162699 0.983120 0.083685 13.157000 -0.090182 -0.099277 0.990965 0.957400 0.000000 0.000000 0.000000 1.000000
0.969362 0.140233 0.201674 -0.023000 -0.145960 0.989195 0.013738 13.157000 -0.197568 -0.042754 0.979356 0.957400 0.000000 0.000000 0.000000 1.000000
0.971118 0.050011 0.233298 -0.023000 -0.040615 0.998165 -0.044908 13.157000 -0.235116 0.034136 0.971368 0.957400 0.000000 0.000000 0.000000 1.000000
0.981525 0.079927 0.173838 -0.023000 -0.081651 0.996657 0.002779 13.157000 -0.173034 -0.016922 0.984770 0.957400 0.000000 0.000000 0.000000 1.000000
0.973617 0.180971 0.138992 -0.023000 -0.177773 0.983442 -0.035189 13.157000 -0.143059 0.009551 0.989668 0.957400 0.000000 0.000000 0.000000 1.000000
0.960384 0.248512 0.126113 -0.023000 -0.237457 0.966600 -0.096432 13.157000 -0.145865 0.062665 0.987318 0.957400 0.000000 0.000000 0.000000 1.000000
0.943518 0.296876 0.147101 -0.023000 -0.272767 0.948039 -0.163768 13.157000 -0.188076 0.114393 0.975470 0.957400 0.000000 0.000000 0.000000 1.000000
0.931431 0.352983 0.088538 -0.023000 -0.335194 0.926873 -0.168971 13.157000 -0.141707 0.127707 0.981636 0.957400 0.000000 0.000000 0.000000 1.000000
0.918409 0.394204 0.033592 -0.023000 -0.387051 0.912832 -0.130117 13.157000 -0.081956 0.106498 0.990929 0.957400 0.000000 0.000000 0.000000 1.000000
0.910662 0.413007 0.010915 -0.023000 -0.409415 0.905657 -0.110293 13.157000 -0.055437 0.095971 0.993839 0.957400 0.000000 0.000000 0.000000 1.000000
0.908840 0.416754 -0.018074 -0.023000 -0.416858 0.905753 -0.076425 13.157000 -0.015480 0.076993 0.996911 0.957400 0.000000 0.000000 0.000000 1.000000
0.910577 0.408404 -0.063685 -0.023000 -0.411802 0.909634 -0.054643 13.157000 0.035614 0.075982 0.996473 0.957400 0.000000 0.000000 0.000000 1.000000
0.916275 0.388416 -0.097846 -0.023000 -0.393840 0.918158 -0.043311 13.157000 0.073015 0.078220 0.994259 0.957400 0.000000 0.000000 0.000000 1.000000
0.929941 0.353158 -0.102415 -0.023000 -0.358482 0.932733 -0.038721 13.157000 0.081851 0.072722 0.993988 0.957400 0.000000 0.000000 0.000000 1.000000
0.933945 0.337765 -0.116886 -0.023000 -0.345512 0.936895 -0.053384 13.157000 0.091478 0.090243 0.991710 0.957400 0.000000 0.000000 0.000000 1.000000
0.931477 0.333911 -0.144413 -0.023000 -0.341485 0.939390 -0.030557 13.157000 0.125457 0.077778 0.989046 0.957400 0.000000 0.000000 0.000000 1.000000
0.934404 0.315189 -0.165967 -0.023000 -0.317289 0.948219 0.014412 13.157000 0.161916 0.039193 0.986026 0.957400 0.000000 0.000000 0.000000 1.000000
0.936246 0.294823 -0.191111 -0.023000 -0.288170 0.955546 0.062368 13.157000 0.201003 -0.003319 0.979585 0.957400 0.000000 0.000000 0.000000 1.000000
0.940103 0.275163 -0.201226 -0.023000 -0.261107 0.960734 0.093882 13.157000 0.219157 -0.035717 0.975036 0.957400 0.000000 0.000000 0.000000 1.000000
0.946203 0.259406 -0.193414 -0.023000 -0.246725 0.965134 0.087429 13.157000 0.209350 -0.035005 0.977214 0.957400 0.000000 0.000000 0.000000 1.000000
0.953157 0.244800 -0.177663 -0.023000 -0.239097 0.969539 0.053164 13.157000 0.185266 -0.008195 0.982654 0.957400 0.000000 0.000000 0.000000 1.000000
0.957844 0.234309 -0.166235 -0.023000 -0.233674 0.972027 0.023652 13.157000 0.167127 0.016190 0.985802 0.957400 0.000000 0.000000 0.000000 1.000000
0.959998 0.229833 -0.159940 -0.023000 -0.231745 0.972752 0.006853 13.157000 0.157157 0.030486 0.987103 0.957400 0.000000 0.000000 0.000000 1.000000
0.962612 0.225305 -0.150386 -0.023000 -0.227532 0.973767 0.002453 13.157000 0.146994 0.031857 0.988624 0.957400 0.000000 0.000000 0.000000 1.000000
0.964530 0.225009 -0.138031 -0.023000 -0.226469 0.974004 0.005242 13.157000 0.135623 0.026204 0.990414 0.957400 0.000000 0.000000 0.000000 1.000000
0.964902 0.231123 -0.124684 -0.023000 -0.231415 0.972777 0.012337 13.157000 0.124141 0.016950 0.992120 0.957400 0.000000 0.000000 0.000000 1.000000
0.964303 0.235664 -0.120756 -0.023000 -0.235174 0.971777 0.018499 13.157000 0.121708 0.010560 0.992510 0.957400 0.000000 0.000000 0.000000 1.000000
0.963778 0.238743 -0.118887 -0.023000 -0.238285 0.971024 0.018265 13.157000 0.119803 0.010726 0.992740 0.957400 0.000000 0.000000 0.000000 1.000000
0.964379 0.235622 -0.120227 -0.023000 -0.235966 0.971692 0.011575 13.157000 0.119551 0.017207 0.992679 0.957400 0.000000 0.000000 0.000000 1.000000
0.965406 0.230180 -0.122506 -0.023000 -0.231484 0.972832 0.003674 13.157000 0.120023 0.024811 0.992461 0.957400 0.000000 0.000000 0.000000 1.000000
0.966197 0.226146 -0.123779 -0.023000 -0.228125 0.973630 -0.001862 13.157000 0.120094 0.030036 0.992308 0.957400 0.000000 0.000000 0.000000 1.000000
0.966468 0.224807 -0.124103 -0.023000 -0.226990 0.973890 -0.003556 13.157000 0.120063 0.031606 0.992263 0.957400 0.000000 0.000000 0.000000 1.000000
0.966407 0.225927 -0.122538 -0.023000 -0.227690 0.973733 -0.000402 13.157000 0.119228 0.028289 0.992464 0.957400 0.000000 0.000000 0.000000 1.000000
0.966404 0.228065 -0.118528 -0.023000 -0.229401 0.973329 0.002428 13.157000 0.115921 0.024844 0.992948 0.957400 0.000000 0.000000 0.000000 1.000000
0.966290 0.231060 -0.113559 -0.023000 -0.232152 0.972673 0.003698 13.157000 0.111310 0.022790 0.993524 0.957400 0.000000 0.000000 0.000000 1.000000
0.965696 0.236164 -0.107974 -0.023000 -0.237011 0.971494 0.005108 13.157000 0.106102 0.020659 0.994141 0.957400 0.000000 0.000000 0.000000 1.000000
0.965185 0.241274 -0.101018 -0.023000 -0.241878 0.970285 0.006411 13.157000 0.099563 0.018247 0.994864 0.957400 0.000000 0.000000 0.000000 1.000000</float_array>
        <technique_common>
          <accessor source="#mixamorig_Spine-Matrix-animation-output-transform-array" count="101" stride="16">
            <param type="float4x4"/>
          </accessor>
        </technique_common>
      </source>
      <source id="mixamorig_Spine-Interpolations">
        <Name_array id="mixamorig_Spine-Interpolations-array" count="101">
 LINEAR LINEAR LINEAR LINEAR LINEAR LINEAR LINEAR LINEAR LINEAR LINEAR LINEAR
LINEAR LINEAR LINEAR LINEAR LINEAR LINEAR LINEAR LINEAR LINEAR LINEAR LINEAR LINEAR
LINEAR LINEAR LINEAR LINEAR LINEAR LINEAR LINEAR LINEAR LINEAR LINEAR LINEAR LINEAR
LINEAR LINEAR LINEAR LINEAR LINEAR LINEAR LINEAR LINEAR LINEAR LINEAR LINEAR LINEAR
LINEAR LINEAR LINEAR LINEAR LINEAR LINEAR LINEAR LINEAR LINEAR LINEAR LINEAR LINEAR
LINEAR LINEAR LINEAR LINEAR LINEAR LINEAR LINEAR LINEAR LINEAR LINEAR LINEAR LINEAR
LINEAR LINEAR LINEAR LINEAR LINEAR LINEAR LINEAR LINEAR LINEAR LINEAR LINEAR LINEAR
LINEAR LINEAR LINEAR LINEAR LINEAR LINEAR LINEAR LINEAR LINEAR LINEAR LINEAR LINEAR
LINEAR LINEAR LINEAR LINEAR LINEAR LINEAR</Name_array>
        <technique_common>
          <accessor source="#mixamorig_Spine-Interpolations-array" count="101">
            <param type="name"/>
          </accessor>
        </technique_common>
      </source>
      <sampler id="mixamorig_Spine-Matrix-animation-transform">
        <input semantic="INPUT" source="#mixamorig_Spine-Matrix-animation-input"/>
        <input semantic="OUTPUT" source="#mixamorig_Spine-Matrix-animation-output-transform"/>
        <input semantic="INTERPOLATION" source="#mixamorig_Spine-Interpolations"/>
      </sampler>
      <channel source="#mixamorig_Spine-Matrix-animation-transform" target="mixamorig_Spine/matrix"/>
    </animation>
    <animation id="mixamorig_Spine1-anim" name="mixamorig_Spine1">
      <source id="mixamorig_Spine1-Matrix-animation-input">
        <float_array id="mixamorig_Spine1-Matrix-animation-input-array" count="101">

0.000000 0.033333 0.066667 0.100000 0.133333 0.166667 0.200000 0.233333 0.266667 0.300000 0.333333 0.366667 0.400000 0.433333 0.466667 0.500000
0.533333 0.566667 0.600000 0.633333 0.666667 0.700000 0.733333 0.766667 0.800000 0.833333 0.866667 0.900000 0.933333 0.966667 1.000000 1.033333
1.066667 1.100000 1.133333 1.166667 1.200000 1.233333 1.266667 1.300000 1.333333 1.366667 1.400000 1.433333 1.466667 1.500000 1.533333 1.566667
1.600000 1.633333 1.666667 1.700000 1.733333 1.766667 1.800000 1.833333 1.866667 1.900000 1.933333 1.966667 2.000000 2.033333 2.066667 2.100000
2.133333 2.166667 2.200000 2.233333 2.266667 2.300000 2.333333 2.366667 2.400000 2.433333 2.466667 2.500000 2.533333 2.566667 2.600000 2.633333
2.666667 2.700000 2.733333 2.766667 2.800000 2.833333 2.866667 2.900000 2.933333 2.966667 3.000000 3.033333 3.066667 3.100000 3.133333 3.166667
3.200000 3.233333 3.266667 3.300000 3.333333</float_array>
        <technique_common>
          <accessor source="#mixamorig_Spine1-Matrix-animation-input-array" count="101">
            <param name="TIME" type="float"/>
          </accessor>
        </technique_common>
      </source>
      <source id="mixamorig_Spine1-Matrix-animation-output-transform">
        <float_array id="mixamorig_Spine1-Matrix-animation-output-transform-array" count="1616">

0.999491 -0.024899 -0.019923 0.000000 0.022466 0.993204 -0.114197 9.894900 0.022631 0.113691 0.993258 0.000000 0.000000 0.000000 0.000000 1.000000
0.999578 -0.022438 -0.018453 0.000000 0.020350 0.994114 -0.106411 9.894900 0.020732 0.105990 0.994151 0.000000 0.000000 0.000000 0.000000 1.000000
0.999679 -0.019290 -0.016444 0.000000 0.017596 0.995073 -0.097573 9.894900 0.018245 0.097252 0.995092 0.000000 0.000000 0.000000 0.000000 1.000000
0.999759 -0.016253 -0.014788 0.000000 0.014877 0.995939 -0.088795 9.894900 0.016171 0.088554 0.995940 0.000000 0.000000 0.000000 0.000000 1.000000
0.999846 -0.014144 -0.010375 -0.000000 0.013271 0.996716 -0.079885 9.894900 0.011471 0.079735 0.996750 -0.000000 0.000000 0.000000 0.000000 1.000000
0.999904 -0.009647 -0.009944 0.000000 0.008919 0.997448 -0.070838 9.894900 0.010602 0.070742 0.997438 0.000000 0.000000 0.000000 0.000000 1.000000
0.999958 -0.007460 -0.005275 0.000000 0.007109 0.997939 -0.063773 9.894900 0.005740 0.063733 0.997950 0.000000 0.000000 0.000000 0.000000 1.000000
