<?xml version="1.0" encoding="utf-8"?>
<COLLADA xmlns="http://www.collada.org/2005/11/COLLADASchema" version="1.4.1">
  <asset>
    <contributor>
      <author>Mixamo</author>
      <authoring_tool>COLLADA Mixamo exporter</authoring_tool>
      <comments/>
    </contributor>
    <created>2023-06-05T09:09:54Z</created>
    <modified>2023-06-05T09:09:54Z</modified>
    <revision/>
    <title/>
    <unit meter="0.010000"/>
    <up_axis>Y_UP</up_axis>
  </asset>
  <library_animations>
    <animation id="mixamorig_Hips-anim" name="mixamorig_Hips">
      <source id="mixamorig_Hips-Matrix-animation-input">
        <float_array id="mixamorig_Hips-Matrix-animation-input-array" count="61">

0.000000 0.033333 0.066667 0.100000 0.133333 0.166667 0.200000 0.233333 0.266667 0.300000 0.333333 0.366667 0.400000 0.433333 0.466667 0.500000
0.533333 0.566667 0.600000 0.633333 0.666667 0.700000 0.733333 0.766667 0.800000 0.833333 0.866667 0.900000 0.933333 0.966667 1.000000 1.033333
1.066667 1.100000 1.133333 1.166667 1.200000 1.233333 1.266667 1.300000 1.333333 1.366667 1.400000 1.433333 1.466667 1.500000 1.533333 1.566667
1.600000 1.633333 1.666667 1.700000 1.733333 1.766667 1.800000 1.833333 1.866667 1.900000 1.933333 1.966667 2.000000</float_array>
        <technique_common>
          <accessor source="#mixamorig_Hips-Matrix-animation-input-array" count="61">
            <param name="TIME" type="float"/>
          </accessor>
        </technique_common>
      </source>
      <source id="mixamorig_Hips-Matrix-animation-output-transform">
        <float_array id="mixamorig_Hips-Matrix-animation-output-transform-array" count="976">

0.932166 -0.032268 -0.360591 0.433361 -0.048246 0.976064 -0.212064 97.601883 0.358802 0.215076 0.908297 -1.018292 0.000000 0.000000 0.000000 1.000000
0.931395 -0.025639 -0.363105 0.329143 -0.052296 0.977743 -0.203182 97.715981 0.360233 0.208231 0.909325 -1.093781 0.000000 0.000000 0.000000 1.000000
0.930367 -0.019299 -0.366121 0.272362 -0.056151 0.979332 -0.194310 97.818916 0.362304 0.201337 0.910054 -1.130751 0.000000 0.000000 0.000000 1.000000
0.928875 -0.013557 -0.370145 0.303935 -0.059636 0.980818 -0.185580 97.900230 0.365561 0.194454 0.910249 -1.097690 0.000000 0.000000 0.000000 1.000000
0.927446 -0.009056 -0.373847 0.480295 -0.062097 0.982098 -0.177840 97.962364 0.368765 0.188152 0.910281 -1.010332 0.000000 0.000000 0.000000 1.000000
0.926295 -0.006252 -0.376748 0.741540 -0.063833 0.982806 -0.173255 98.039749 0.371354 0.184534 0.909969 -1.003810 0.000000 0.000000 0.000000 1.000000
0.925766 -0.010382 -0.377954 0.871978 -0.062120 0.981863 -0.179128 98.049782 0.372959 0.189309 0.908330 -1.173078 0.000000 0.000000 0.000000 1.000000
0.926531 -0.014812 -0.375926 0.741130 -0.057967 0.981672 -0.181548 98.099022 0.371725 0.190001 0.908691 -1.346091 0.000000 0.000000 0.000000 1.000000
0.930885 -0.017148 -0.364909 0.266528 -0.046285 0.985311 -0.164375 98.286942 0.362367 0.169904 0.916418 -1.188073 0.000000 0.000000 0.000000 1.000000
0.939244 -0.013928 -0.342967 -0.463489 -0.026321 0.993312 -0.112421 98.773369 0.342239 0.114618 0.932596 -0.390732 0.000000 0.000000 0.000000 1.000000
0.950053 -0.005421 -0.312041 -1.356266 -0.003250 0.999623 -0.027262 99.621643 0.312071 0.026914 0.949678 1.064904 0.000000 0.000000 0.000000 1.000000
0.960985 0.002353 -0.276589 -2.377426 0.017835 0.997356 0.070452 100.557167 0.276024 -0.072636 0.958402 2.883766 0.000000 0.000000 0.000000 1.000000
0.968837 0.005091 -0.247646 -3.419032 0.034794 0.987078 0.156415 101.096901 0.245242 -0.160157 0.956141 4.572220 0.000000 0.000000 0.000000 1.000000
0.971521 0.002427 -0.236939 -4.309124 0.050464 0.974888 0.216904 101.053436 0.231516 -0.222684 0.947002 5.672670 0.000000 0.000000 0.000000 1.000000
0.969901 -0.003732 -0.243471 -4.986742 0.066543 0.965884 0.250280 100.611763 0.234230 -0.258948 0.937060 6.049780 0.000000 0.000000 0.000000 1.000000
0.966763 -0.012875 -0.255350 -5.587300 0.083042 0.960397 0.265974 100.040314 0.241813 -0.278339 0.929545 5.895385 0.000000 0.000000 0.000000 1.000000
0.964544 -0.026126 -0.262625 -6.274829 0.101219 0.955616 0.276683 99.488525 0.243740 -0.293456 0.924378 5.444500 0.000000 0.000000 0.000000 1.000000
0.963902 -0.043145 -0.262740 -7.062538 0.120287 0.950907 0.285142 98.955734 0.237539 -0.306453 0.921771 4.796674 0.000000 0.000000 0.000000 1.000000
0.963741 -0.063331 -0.259216 -7.851978 0.138979 0.948398 0.285001 98.337570 0.227790 -0.310693 0.922812 3.986681 0.000000 0.000000 0.000000 1.000000
0.962202 -0.084264 -0.258973 -8.532071 0.157071 0.948540 0.274957 97.570618 0.222478 -0.305241 0.925922 3.074462 0.000000 0.000000 0.000000 1.000000
0.957799 -0.104627 -0.267720 -9.047228 0.176030 0.949818 0.258571 96.650772 0.227231 -0.294786 0.928152 2.082884 0.000000 0.000000 0.000000 1.000000
0.950540 -0.124416 -0.284595 -9.340120 0.195801 0.951301 0.238093 95.693802 0.241113 -0.282041 0.928610 1.021407 0.000000 0.000000 0.000000 1.000000
0.942098 -0.143202 -0.303223 -9.404361 0.213747 0.953172 0.213951 94.834808 0.258385 -0.266375 0.928591 -0.096815 0.000000 0.000000 0.000000 1.000000
0.934718 -0.159782 -0.317447 -9.311908 0.226917 0.955777 0.187079 94.141510 0.273516 -0.246900 0.929639 -1.259770 0.000000 0.000000 0.000000 1.000000
0.929854 -0.173536 -0.324434 -9.161745 0.234635 0.958896 0.159578 93.637123 0.283406 -0.224508 0.932351 -2.437002 0.000000 0.000000 0.000000 1.000000
0.927574 -0.184771 -0.324757 -9.017105 0.238345 0.961968 0.133450 93.333099 0.287748 -0.201189 0.936335 -3.571054 0.000000 0.000000 0.000000 1.000000
0.927194 -0.192792 -0.321159 -8.859235 0.238904 0.964725 0.110595 93.216949 0.288508 -0.179269 0.940545 -4.586893 0.000000 0.000000 0.000000 1.000000
0.927774 -0.195702 -0.317705 -8.602223 0.235849 0.967343 0.092863 93.258659 0.289156 -0.161086 0.943631 -5.428454 0.000000 0.000000 0.000000 1.000000
0.927469 -0.193635 -0.319853 -8.194099 0.229327 0.970251 0.077597 93.434822 0.295313 -0.145320 0.944284 -6.108013 0.000000 0.000000 0.000000 1.000000
0.923814 -0.190429 -0.332122 -7.711912 0.221001 0.973637 0.056472 93.723755 0.312612 -0.125569 0.941544 -6.689657 0.000000 0.000000 0.000000 1.000000
0.916511 -0.189753 -0.352139 -7.269846 0.211877 0.976976 0.025000 94.092834 0.339288 -0.097523 0.935614 -7.205244 0.000000 0.000000 0.000000 1.000000
0.908954 -0.190889 -0.370625 -6.867779 0.200957 0.979531 -0.011657 94.486992 0.365264 -0.063885 0.928709 -7.620734 0.000000 0.000000 0.000000 1.000000
0.904609 -0.190497 -0.381305 -6.430170 0.187665 0.981202 -0.044985 94.828369 0.382707 -0.030864 0.923354 -7.883764 0.000000 0.000000 0.000000 1.000000
0.903419 -0.187024 -0.385819 -5.934606 0.173458 0.982348 -0.070027 95.088326 0.392106 -0.003659 0.919913 -7.978401 0.000000 0.000000 0.000000 1.000000
0.903131 -0.181672 -0.389037 -5.415243 0.159570 0.983194 -0.088695 95.288750 0.398613 0.018025 0.916942 -7.918780 0.000000 0.000000 0.000000 1.000000
0.902428 -0.176407 -0.393070 -4.896606 0.145805 0.983546 -0.106664 95.454971 0.405419 0.038945 0.913301 -7.734429 0.000000 0.000000 0.000000 1.000000
0.902070 -0.171965 -0.395852 -4.374136 0.131931 0.983160 -0.126457 95.586800 0.410931 0.061848 0.909566 -7.458318 0.000000 0.000000 0.000000 1.000000
0.903467 -0.167583 -0.394543 -3.852513 0.118680 0.982224 -0.145435 95.685989 0.411902 0.084571 0.907295 -7.108945 0.000000 0.000000 0.000000 1.000000
0.906623 -0.161950 -0.389625 -3.345926 0.106738 0.981402 -0.159556 95.774513 0.408219 0.103069 0.907047 -6.680801 0.000000 0.000000 0.000000 1.000000
0.910095 -0.154693 -0.384444 -2.831193 0.095942 0.981162 -0.167677 95.884346 0.403140 0.115718 0.907793 -6.173058 0.000000 0.000000 0.000000 1.000000
0.912809 -0.146504 -0.381203 -2.274824 0.085488 0.981305 -0.172431 96.036255 0.399338 0.124808 0.908269 -5.615505 0.000000 0.000000 0.000000 1.000000
0.915125 -0.138100 -0.378780 -1.727706 0.074322 0.981188 -0.178173 96.201530 0.396260 0.134899 0.908174 -5.043589 0.000000 0.000000 0.000000 1.000000
0.917800 -0.129509 -0.375327 -1.286339 0.061706 0.980347 -0.187383 96.324844 0.392219 0.148821 0.907754 -4.466027 0.000000 0.000000 0.000000 1.000000
0.920550 -0.120764 -0.371488 -0.944935 0.048344 0.978921 -0.198434 96.399277 0.387621 0.164709 0.906985 -3.878600 0.000000 0.000000 0.000000 1.000000
0.922578 -0.113058 -0.368875 -0.606563 0.036452 0.977367 -0.208389 96.459686 0.384086 0.178809 0.905818 -3.295099 0.000000 0.000000 0.000000 1.000000
0.924070 -0.107572 -0.366773 -0.214532 0.027297 0.975702 -0.217393 96.521538 0.381247 0.190875 0.904554 -2.736368 0.000000 0.000000 0.000000 1.000000
0.925756 -0.103780 -0.363601 0.203659 0.020120 0.973756 -0.226704 96.577965 0.377586 0.202557 0.903548 -2.212815 0.000000 0.000000 0.000000 1.000000
0.927420 -0.100393 -0.360297 0.593132 0.013807 0.971836 -0.235254 96.628052 0.373768 0.213204 0.902686 -1.740934 0.000000 0.000000 0.000000 1.000000
0.928284 -0.097193 -0.358946 0.925202 0.008015 0.970246 -0.241990 96.677773 0.371785 0.221758 0.901443 -1.339502 0.000000 0.000000 0.000000 1.000000
0.928299 -0.094339 -0.359667 1.192016 0.002495 0.968838 -0.247682 96.734573 0.371825 0.229025 0.899607 -1.009511 0.000000 0.000000 0.000000 1.000000
0.928113 -0.091329 -0.360923 1.388926 -0.003057 0.967542 -0.252693 96.801147 0.372286 0.235631 0.897709 -0.745722 0.000000 0.000000 0.000000 1.000000
0.928208 -0.087532 -0.361618 1.520190 -0.008616 0.966614 -0.256091 96.859245 0.371962 0.240821 0.896465 -0.544823 0.000000 0.000000 0.000000 1.000000
0.928466 -0.083013 -0.362020 1.594975 -0.014026 0.966171 -0.257520 96.884811 0.371151 0.244176 0.895893 -0.401369 0.000000 0.000000 0.000000 1.000000
0.928561 -0.078475 -0.362790 1.613094 -0.019069 0.966019 -0.257766 96.884186 0.370691 0.246270 0.895511 -0.314102 0.000000 0.000000 0.000000 1.000000
0.928592 -0.074052 -0.363638 1.547644 -0.023443 0.966226 -0.256629 96.902290 0.370361 0.246828 0.895494 -0.306151 0.000000 0.000000 0.000000 1.000000
0.929181 -0.068614 -0.363201 1.404457 -0.027627 0.966979 -0.253354 96.964348 0.368592 0.245445 0.896603 -0.366574 0.000000 0.000000 0.000000 1.000000
0.930360 -0.061888 -0.361387 1.197928 -0.031757 0.968345 -0.247587 97.068619 0.365270 0.241822 0.898944 -0.485335 0.000000 0.000000 0.000000 1.000000
0.931720 -0.054182 -0.359113 0.961816 -0.035878 0.970240 -0.239472 97.203766 0.361401 0.236005 0.902048 -0.639589 0.000000 0.000000 0.000000 1.000000
0.932563 -0.046418 -0.358010 0.746426 -0.039997 0.972309 -0.230251 97.345268 0.358784 0.229043 0.904883 -0.790028 0.000000 0.000000 0.000000 1.000000
0.932635 -0.039136 -0.358692 0.572481 -0.044126 0.974268 -0.221032 97.478157 0.358113 0.221970 0.906910 -0.916117 0.000000 0.000000 0.000000 1.000000
0.932166 -0.032268 -0.360591 0.433361 -0.048246 0.976064 -0.212064 97.601883 0.358802 0.215076 0.908297 -1.018292 0.000000 0.000000 0.000000 1.000000</float_array>
        <technique_common>
          <accessor source="#mixamorig_Hips-Matrix-animation-output-transform-array" count="61" stride="16">
            <param type="float4x4"/>
          </accessor>
        </technique_common>
      </source>
      <source id="mixamorig_Hips-Interpolations">
        <Name_array id="mixamorig_Hips-Interpolations-array" count="61">
 LINEAR LINEAR LINEAR LINEAR LINEAR LINEAR LINEAR LINEAR LINEAR LINEAR LINEAR
LINEAR LINEAR LINEAR LINEAR LINEAR LINEAR LINEAR LINEAR LINEAR LINEAR LINEAR LINEAR
LINEAR LINEAR LINEAR LINEAR LINEAR LINEAR LINEAR LINEAR LINEAR LINEAR LINEAR LINEAR
LINEAR LINEAR LINEAR LINEAR LINEAR LINEAR LINEAR LINEAR LINEAR LINEAR LINEAR LINEAR
LINEAR LINEAR LINEAR LINEAR LINEAR LINEAR LINEAR LINEAR LINEAR LINEAR LINEAR LINEAR
LINEAR LINEAR</Name_array>
        <technique_common>
          <accessor source="#mixamorig_Hips-Interpolations-array" count="61">
            <param type="name"/>
          </accessor>
        </technique_common>
      </source>
      <sampler id="mixamorig_Hips-Matrix-animation-transform">
        <input semantic="INPUT" source="#mixamorig_Hips-Matrix-animation-input"/>
        <input semantic="OUTPUT" source="#mixamorig_Hips-Matrix-animation-output-transform"/>
        <input semantic="INTERPOLATION" source="#mixamorig_Hips-Interpolations"/>
      </sampler>
      <channel source="#mixamorig_Hips-Matrix-animation-transform" target="mixamorig_Hips/matrix"/>
    </animation>
    <animation id="mixamorig_Spine-anim" name="mixamorig_Spine">
      <source id="mixamorig_Spine-Matrix-animation-input">
        <float_array id="mixamorig_Spine-Matrix-animation-input-array" count="61">

0.000000 0.033333 0.066667 0.100000 0.133333 0.166667 0.200000 0.233333 0.266667 0.300000 0.333333 0.366667 0.400000 0.433333 0.466667 0.500000
0.533333 0.566667 0.600000 0.633333 0.666667 0.700000 0.733333 0.766667 0.800000 0.833333 0.866667 0.900000 0.933333 0.966667 1.000000 1.033333
1.066667 1.100000 1.133333 1.166667 1.200000 1.233333 1.266667 1.300000 1.333333 1.366667 1.400000 1.433333 1.466667 1.500000 1.533333 1.566667
1.600000 1.633333 1.666667 1.700000 1.733333 1.766667 1.800000 1.833333 1.866667 1.900000 1.933333 1.966667 2.000000</float_array>
        <technique_common>
          <accessor source="#mixamorig_Spine-Matrix-animation-input-array" count="61">
            <param name="TIME" type="float"/>
          </accessor>
        </technique_common>
      </source>
      <source id="mixamorig_Spine-Matrix-animation-output-transform">
        <float_array id="mixamorig_Spine-Matrix-animation-output-transform-array" count="976">

0.999531 0.028338 0.011621 -0.023000 -0.025693 0.982313 -0.185476 13.157000 -0.016672 0.185090 0.982580 0.957400 0.000000 0.000000 0.000000 1.000000
0.999533 0.028535 0.010977 -0.023000 -0.025991 0.982127 -0.186414 13.157000 -0.016100 0.186042 0.982410 0.957400 0.000000 0.000000 0.000000 1.000000
0.999573 0.027531 0.009768 -0.023000 -0.025236 0.982224 -0.186007 13.157000 -0.014715 0.185681 0.982500 0.957400 0.000000 0.000000 0.000000 1.000000
0.999650 0.025336 0.007583 -0.023000 -0.023498 0.982475 -0.184908 13.157000 -0.012135 0.184665 0.982727 0.957400 0.000000 0.000000 0.000000 1.000000
0.999738 0.022539 0.004003 -0.023000 -0.021416 0.982657 -0.184192 13.157000 -0.008085 0.184058 0.982882 0.957400 0.000000 0.000000 0.000000 1.000000
0.999783 0.020788 -0.001080 -0.023000 -0.020628 0.982497 -0.185130 13.157000 -0.002788 0.185112 0.982713 0.957400 0.000000 0.000000 0.000000 1.000000
0.999740 0.021578 -0.007307 -0.023000 -0.022566 0.981988 -0.187593 13.157000 0.003128 0.187709 0.982220 0.957400 0.000000 0.000000 0.000000 1.000000
0.999607 0.024453 -0.013721 -0.023000 -0.026605 0.981677 -0.188686 13.157000 0.008856 0.188977 0.981942 0.957400 0.000000 0.000000 0.000000 1.000000
0.999481 0.026251 -0.018695 -0.023000 -0.029242 0.982547 -0.183700 13.157000 0.013547 0.184151 0.982805 0.957400 0.000000 0.000000 0.000000 1.000000
0.999556 0.022237 -0.019855 -0.023000 -0.025276 0.985296 -0.168978 13.157000 0.015805 0.169404 0.985420 0.957400 0.000000 0.000000 0.000000 1.000000
0.999837 0.009458 -0.015389 -0.023000 -0.011583 0.989437 -0.144503 13.157000 0.013860 0.144657 0.989385 0.957400 0.000000 0.000000 0.000000 1.000000
0.999929 -0.010570 -0.005427 -0.023000 0.009884 0.993448 -0.113861 13.157000 0.006595 0.113799 0.993482 0.957400 0.000000 0.000000 0.000000 1.000000
0.999408 -0.033338 0.008441 -0.023000 0.033918 0.996069 -0.081825 13.157000 -0.005680 0.082063 0.996611 0.957400 0.000000 0.000000 0.000000 1.000000
0.998248 -0.054076 0.023995 -0.023000 0.055270 0.997104 -0.052243 13.157000 -0.021101 0.053478 0.998346 0.957400 0.000000 0.000000 0.000000 1.000000
0.996790 -0.070007 0.038838 -0.023000 0.071115 0.997078 -0.027911 13.157000 -0.036770 0.030584 0.998856 0.957400 0.000000 0.000000 0.000000 1.000000
0.995475 -0.080624 0.050289 -0.023000 0.081265 0.996634 -0.010823 13.157000 -0.049247 0.014861 0.998676 0.957400 0.000000 0.000000 0.000000 1.000000
0.994646 -0.086960 0.055830 -0.023000 0.087169 0.996193 -0.001310 13.157000 -0.055503 0.006170 0.998439 0.957400 0.000000 0.000000 0.000000 1.000000
0.994392 -0.090624 0.054508 -0.023000 0.090624 0.995882 0.002485 13.157000 -0.054509 0.002468 0.998510 0.957400 0.000000 0.000000 0.000000 1.000000
0.994493 -0.093097 0.048124 -0.023000 0.093044 0.995656 0.003361 13.157000 -0.048228 0.001135 0.998836 0.957400 0.000000 0.000000 0.000000 1.000000
0.994612 -0.095389 0.040598 -0.023000 0.095344 0.995440 0.003060 13.157000 -0.040705 0.000827 0.999171 0.957400 0.000000 0.000000 0.000000 1.000000
0.994544 -0.098059 0.035603 -0.023000 0.098067 0.995179 0.001516 13.157000 -0.035580 0.001983 0.999365 0.957400 0.000000 0.000000 0.000000 1.000000
0.994252 -0.101409 0.034334 -0.023000 0.101545 0.994829 -0.002211 13.157000 -0.033933 0.005685 0.999408 0.957400 0.000000 0.000000 0.000000 1.000000
0.993782 -0.105635 0.035186 -0.023000 0.105998 0.994329 -0.008603 13.157000 -0.034078 0.012279 0.999344 0.957400 0.000000 0.000000 0.000000 1.000000
0.993221 -0.110741 0.035340 -0.023000 0.111401 0.993625 -0.017287 13.157000 -0.033200 0.021107 0.999226 0.957400 0.000000 0.000000 0.000000 1.000000
0.992654 -0.116445 0.032829 -0.023000 0.117365 0.992704 -0.027653 13.157000 -0.029369 0.031303 0.999078 0.957400 0.000000 0.000000 0.000000 1.000000
0.992107 -0.122292 0.027712 -0.023000 0.123331 0.991577 -0.039553 13.157000 -0.022642 0.042658 0.998833 0.957400 0.000000 0.000000 0.000000 1.000000
0.991551 -0.127847 0.021965 -0.023000 0.128857 0.990232 -0.053251 13.157000 -0.014943 0.055631 0.998340 0.957400 0.000000 0.000000 0.000000 1.000000
0.990981 -0.132733 0.018401 -0.023000 0.133694 0.988644 -0.068618 13.157000 -0.009085 0.070459 0.997473 0.957400 0.000000 0.000000 0.000000 1.000000
0.990453 -0.136514 0.019156 -0.023000 0.137654 0.986877 -0.084406 13.157000 -0.007382 0.086237 0.996247 0.957400 0.000000 0.000000 0.000000 1.000000
0.990030 -0.138734 0.024374 -0.023000 0.140479 0.985169 -0.098526 13.157000 -0.010344 0.100968 0.994836 0.957400 0.000000 0.000000 0.000000 1.000000
0.989745 -0.139229 0.031944 -0.023000 0.141924 0.983824 -0.109310 13.157000 -0.016209 0.112722 0.993494 0.957400 0.000000 0.000000 0.000000 1.000000
0.989630 -0.138329 0.038707 -0.023000 0.141963 0.982967 -0.116712 13.157000 -0.021903 0.120996 0.992411 0.957400 0.000000 0.000000 0.000000 1.000000
0.989717 -0.136608 0.042413 -0.023000 0.140845 0.982453 -0.122263 13.157000 -0.024967 0.126980 0.991591 0.957400 0.000000 0.000000 0.000000 1.000000
0.990013 -0.134313 0.042830 -0.023000 0.138759 0.982057 -0.127713 13.157000 -0.024908 0.132381 0.990886 0.957400 0.000000 0.000000 0.000000 1.000000
0.990494 -0.131227 0.041250 -0.023000 0.135630 0.981699 -0.133685 13.157000 -0.022952 0.138008 0.990165 0.957400 0.000000 0.000000 0.000000 1.000000
0.991136 -0.126966 0.039092 -0.023000 0.131234 0.981476 -0.139581 13.157000 -0.020646 0.143474 0.989439 0.957400 0.000000 0.000000 0.000000 1.000000
0.991923 -0.121335 0.036978 -0.023000 0.125451 0.981502 -0.144623 13.157000 -0.018746 0.148094 0.988796 0.957400 0.000000 0.000000 0.000000 1.000000
0.992807 -0.114533 0.034879 -0.023000 0.118485 0.981741 -0.148815 13.157000 -0.017197 0.151877 0.988250 0.957400 0.000000 0.000000 0.000000 1.000000
0.993703 -0.107142 0.032793 -0.023000 0.110926 0.982000 -0.152879 13.157000 -0.015823 0.155554 0.987701 0.957400 0.000000 0.000000 0.000000 1.000000
0.994517 -0.099852 0.031066 -0.023000 0.103522 0.982090 -0.157425 13.157000 -0.014790 0.159778 0.987042 0.957400 0.000000 0.000000 0.000000 1.000000
0.995209 -0.093017 0.030126 -0.023000 0.096695 0.981995 -0.162285 13.157000 -0.014488 0.164420 0.986284 0.957400 0.000000 0.000000 0.000000 1.000000
0.995814 -0.086324 0.030059 -0.023000 0.090148 0.981879 -0.166696 13.157000 -0.015125 0.168707 0.985550 0.957400 0.000000 0.000000 0.000000 1.000000
0.996412 -0.078962 0.030467 -0.023000 0.083013 0.981935 -0.170036 13.157000 -0.016490 0.171955 0.984967 0.957400 0.000000 0.000000 0.000000 1.000000
0.997056 -0.070252 0.030710 -0.023000 0.074514 0.982222 -0.172302 13.157000 -0.018060 0.174083 0.984565 0.957400 0.000000 0.000000 0.000000 1.000000
0.997723 -0.060238 0.030332 -0.023000 0.064615 0.982641 -0.173902 13.157000 -0.019330 0.175466 0.984296 0.957400 0.000000 0.000000 0.000000 1.000000
0.998334 -0.049688 0.029320 -0.023000 0.054072 0.983054 -0.175161 13.157000 -0.020120 0.176454 0.984103 0.957400 0.000000 0.000000 0.000000 1.000000
0.998825 -0.039532 0.028022 -0.023000 0.043862 0.983390 -0.176124 13.157000 -0.020594 0.177146 0.983969 0.957400 0.000000 0.000000 0.000000 1.000000
0.999183 -0.030283 0.026769 -0.023000 0.034548 0.983644 -0.176779 13.157000 -0.020978 0.177559 0.983887 0.957400 0.000000 0.000000 0.000000 1.000000
0.999434 -0.021865 0.025580 -0.023000 0.026060 0.983820 -0.177253 13.157000 -0.021290 0.177819 0.983833 0.957400 0.000000 0.000000 0.000000 1.000000
0.999610 -0.013852 0.024255 -0.023000 0.017947 0.983915 -0.177732 13.157000 -0.021403 0.178097 0.983780 0.957400 0.000000 0.000000 0.000000 1.000000
0.999724 -0.005819 0.022743 -0.023000 0.009783 0.983928 -0.178296 13.157000 -0.021340 0.178470 0.983714 0.957400 0.000000 0.000000 0.000000 1.000000
0.999770 0.002356 0.021327 -0.023000 0.001498 0.983860 -0.178933 13.157000 -0.021405 0.178924 0.983630 0.957400 0.000000 0.000000 0.000000 1.000000
0.999738 0.010380 0.020379 -0.023000 -0.006552 0.983712 -0.179634 13.157000 -0.021912 0.179454 0.983522 0.957400 0.000000 0.000000 0.000000 1.000000
0.999646 0.017627 0.019919 -0.023000 -0.013747 0.983496 -0.180407 13.157000 -0.022770 0.180070 0.983390 0.957400 0.000000 0.000000 0.000000 1.000000
0.999536 0.023384 0.019535 -0.023000 -0.019462 0.983252 -0.181208 13.157000 -0.023445 0.180744 0.983251 0.957400 0.000000 0.000000 0.000000 1.000000
0.999455 0.027205 0.018704 -0.023000 -0.023353 0.983028 -0.181965 13.157000 -0.023337 0.181429 0.983127 0.957400 0.000000 0.000000 0.000000 1.000000
0.999427 0.029119 0.017234 -0.023000 -0.025486 0.982849 -0.182641 13.157000 -0.022256 0.182097 0.983029 0.957400 0.000000 0.000000 0.000000 1.000000
0.999444 0.029584 0.015386 -0.023000 -0.026267 0.982711 -0.183273 13.157000 -0.020542 0.182767 0.982942 0.957400 0.000000 0.000000 0.000000 1.000000
0.999479 0.029259 0.013642 -0.023000 -0.026254 0.982588 -0.183931 13.157000 -0.018786 0.183477 0.982844 0.957400 0.000000 0.000000 0.000000 1.000000
0.999512 0.028716 0.012325 -0.023000 -0.025949 0.982460 -0.184660 13.157000 -0.017411 0.184250 0.982725 0.957400 0.000000 0.000000 0.000000 1.000000
0.999531 0.028338 0.011621 -0.023000 -0.025693 0.982313 -0.185476 13.157000 -0.016672 0.185090 0.982580 0.957400 0.000000 0.000000 0.000000 1.000000</float_array>
        <technique_common>
          <accessor source="#mixamorig_Spine-Matrix-animation-output-transform-array" count="61" stride="16">
            <param type="float4x4"/>
          </accessor>
        </technique_common>
      </source>
      <source id="mixamorig_Spine-Interpolations">
        <Name_array id="mixamorig_Spine-Interpolations-array" count="61">
 LINEAR LINEAR LINEAR LINEAR LINEAR LINEAR LINEAR LINEAR LINEAR LINEAR LINEAR
LINEAR LINEAR LINEAR LINEAR LINEAR LINEAR LINEAR LINEAR LINEAR LINEAR LINEAR LINEAR
LINEAR LINEAR LINEAR LINEAR LINEAR LINEAR LINEAR LINEAR LINEAR LINEAR LINEAR LINEAR
LINEAR LINEAR LINEAR LINEAR LINEAR LINEAR LINEAR LINEAR LINEAR LINEAR LINEAR LINEAR
LINEAR LINEAR LINEAR LINEAR LINEAR LINEAR LINEAR LINEAR LINEAR LINEAR LINEAR LINEAR
LINEAR LINEAR</Name_array>
        <technique_common>
          <accessor source="#mixamorig_Spine-Interpolations-array" count="61">
            <param type="name"/>
          </accessor>
        </technique_common>
      </source>
      <sampler id="mixamorig_Spine-Matrix-animation-transform">
        <input semantic="INPUT" source="#mixamorig_Spine-Matrix-animation-input"/>
        <input semantic="OUTPUT" source="#mixamorig_Spine-Matrix-animation-output-transform"/>
        <input semantic="INTERPOLATION" source="#mixamorig_Spine-Interpolations"/>
      </sampler>
      <channel source="#mixamorig_Spine-Matrix-animation-transform" target="mixamorig_Spine/matrix"/>
    </animation>
    <animation id="mixamorig_Spine1-anim" name="mixamorig_Spine1">
      <source id="mixamorig_Spine1-Matrix-animation-input">
        <float_array id="mixamorig_Spine1-Matrix-animation-input-array" count="61">

0.000000 0.033333 0.066667 0.100000 0.133333 0.166667 0.200000 0.233333 0.266667 0.300000 0.333333 0.366667 0.400000 0.433333 0.466667 0.500000
0.533333 0.566667 0.600000 0.633333 0.666667 0.700000 0.733333 0.766667 0.800000 0.833333 0.866667 0.900000 0.933333 0.966667 1.000000 1.033333
1.066667 1.100000 1.133333 1.166667 1.200000 1.233333 1.266667 1.300000 1.333333 1.366667 1.400000 1.433333 1.466667 1.500000 1.533333 1.566667
1.600000 1.633333 1.666667 1.700000 1.733333 1.766667 1.800000 1.833333 1.866667 1.900000 1.933333 1.966667 2.000000</float_array>
        <technique_common>
          <accessor source="#mixamorig_Spine1-Matrix-animation-input-array" count="61">
            <param name="TIME" type="float"/>
          </accessor>
        </technique_common>
      </source>
      <source id="mixamorig_Spine1-Matrix-animation-output-transform">
        <float_array id="mixamorig_Spine1-Matrix-animation-output-transform-array" count="976">

0.999633 0.026198 0.006872 -0.000000 -0.025223 0.992899 -0.116256 9.894900 -0.009869 0.116040 0.993196 0.000000 0.000000 0.000000 0.000000 1.000000
0.999640 0.026006 0.006565 -0.000000 -0.025067 0.992907 -0.116223 9.894900 -0.009541 0.116016 0.993201 0.000000 0.000000 0.000000 0.000000 1.000000
0.999671 0.024991 0.005814 0.000000 -0.024154 0.993025 -0.115400 9.894900 -0.008657 0.115222 0.993302 0.000000 0.000000 0.000000 0.000000 1.000000
0.999721 0.023225 0.004274 0.000000 -0.022584 0.993177 -0.114406 9.894900 -0.006901 0.114277 0.993425 0.000000 0.000000 0.000000 0.000000 1.000000
0.999774 0.021177 0.001582 -0.000000 -0.020859 0.993258 -0.114028 9.894900 -0.003986 0.113970 0.993476 -0.000000 0.000000 0.000000 0.000000 1.000000
0.999797 0.019990 -0.002375 -0.000000 -0.020130 0.993181 -0.114835 9.894900 0.000064 0.114860 0.993382 0.000000 0.000000 0.000000 0.000000 1.000000
0.999759 0.020666 -0.007348 0.000000 -0.021379 0.993005 -0.116120 9.894900 0.004897 0.116249 0.993208 0.000000 0.000000 0.000000 0.000000 1.000000
0.999658 0.022928 -0.012574 0.000000 -0.024228 0.993023 -0.115405 9.894900 0.009840 0.115670 0.993239 -0.000000 0.000000 0.000000 0.000000 1.000000
0.999559 0.024648 -0.016588 0.000000 -0.026323 0.993610 -0.109752 9.894900 0.013777 0.110140 0.993821 0.000000 0.000000 0.000000 0.000000 1.000000
0.999586 0.022925 -0.017385 0.000000 -0.024519 0.994900 -0.097836 9.894900 0.015053 0.098222 0.995051 -0.000000 0.000000 0.000000 0.000000 1.000000
0.999784 0.015978 -0.013314 0.000000 -0.017005 0.996574 -0.080934 9.894900 0.011975 0.081143 0.996631 0.000000 0.000000 0.000000 0.000000 1.000000
0.999982 0.004368 -0.004147 -0.000000 -0.004616 0.998084 -0.061707 9.894900 0.003869 0.061725 0.998086 0.000000 0.000000 0.000000 0.000000 1.000000
0.999917 -0.009441 0.008729 -0.000000 0.009801 0.999064 -0.042134 9.894900 -0.008323 0.042216 0.999074 -0.000000 0.000000 0.000000 0.000000 1.000000
0.999478 -0.022632 0.023037 0.000000 0.023165 0.999464 -0.023152 9.894900 -0.022501 0.023674 0.999466 0.000000 0.000000 0.000000 0.000000 1.000000
0.998781 -0.033446 0.036316 0.000000 0.033688 0.999414 -0.006087 9.894900 -0.036091 0.007303 0.999322 -0.000000 0.000000 0.000000 0.000000 1.000000
0.998074 -0.041431 0.046163 0.000000 0.041157 0.999129 0.006874 9.894900 -0.046408 -0.004960 0.998910 0.000000 0.000000 0.000000 0.000000 1.000000
0.997611 -0.046962 0.050656 -0.000000 0.046292 0.998825 0.014320 9.894900 -0.051269 -0.011941 0.998614 0.000000 0.000000 0.000000 0.000000 1.000000
0.997499 -0.050621 0.049323 0.000000 0.049838 0.998613 0.016997 9.894900 -0.050115 -0.014497 0.998638 -0.000000 0.000000 0.000000 0.000000 1.000000
0.997632 -0.052975 0.043855 0.000000 0.052271 0.998488 0.017033 9.894900 -0.044691 -0.014700 0.998893 -0.000000 0.000000 0.000000 0.000000 1.000000
0.997803 -0.054641 0.037465 0.000000 0.054072 0.998408 0.016035 9.894900 -0.038282 -0.013974 0.999169 0.000000 0.000000 0.000000 0.000000 1.000000
0.997866 -0.056336 0.033023 0.000000 0.055894 0.998336 0.014164 9.894900 -0.033766 -0.012288 0.999354 0.000000 0.000000 0.000000 0.000000 1.000000
0.997783 -0.058693 0.031377 0.000000 0.058381 0.998236 0.010762 9.894900 -0.031953 -0.008907 0.999450 0.000000 0.000000 0.000000 0.000000 1.000000
0.997589 -0.061991 0.031193 0.000000 0.061851 0.998071 0.005453 9.894900 -0.031470 -0.003511 0.999499 -0.000000 0.000000 0.000000 0.000000 1.000000
0.997359 -0.066025 0.030255 0.000000 0.066100 0.997812 -0.001501 9.894900 -0.030089 0.003497 0.999541 0.000000 0.000000 0.000000 0.000000 1.000000
0.997159 -0.070277 0.027100 0.000000 0.070561 0.997461 -0.009664 9.894900 -0.026352 0.011549 0.999586 0.000000 0.000000 0.000000 0.000000 1.000000
0.996994 -0.074318 0.021905 -0.000000 0.074737 0.997023 -0.018973 9.894900 -0.020429 0.020553 0.999580 -0.000000 0.000000 0.000000 0.000000 1.000000
0.996814 -0.078072 0.016326 -0.000000 0.078532 0.996470 -0.029677 9.894900 -0.013951 0.030865 0.999426 0.000000 0.000000 0.000000 0.000000 1.000000
0.996577 -0.081707 0.012589 0.000000 0.082166 0.995747 -0.041666 9.894900 -0.009131 0.042558 0.999052 0.000000 0.000000 0.000000 0.000000 1.000000
0.996285 -0.085240 0.012285 0.000000 0.085782 0.994856 -0.053888 9.894900 -0.007628 0.054741 0.998471 0.000000 0.000000 0.000000 0.000000 1.000000
0.995973 -0.088319 0.015424 0.000000 0.089138 0.993921 -0.064612 9.894900 -0.009624 0.065726 0.997791 0.000000 0.000000 0.000000 0.000000 1.000000
0.995695 -0.090427 0.020335 0.000000 0.091676 0.993145 -0.072509 9.894900 -0.013639 0.074061 0.997160 0.000000 0.000000 0.000000 0.000000 1.000000
0.995524 -0.091242 0.024633 0.000000 0.092900 0.992643 -0.077645 9.894900 -0.017368 0.079586 0.996677 0.000000 0.000000 0.000000 0.000000 1.000000
0.995515 -0.090769 0.026656 0.000000 0.092661 0.992367 -0.081371 9.894900 -0.019067 0.083476 0.996327 0.000000 0.000000 0.000000 0.000000 1.000000
0.995671 -0.089156 0.026264 -0.000000 0.091090 0.992198 -0.085126 9.894900 -0.018470 0.087150 0.996024 0.000000 0.000000 0.000000 0.000000 1.000000
0.995952 -0.086499 0.024446 -0.000000 0.088355 0.992076 -0.089327 9.894900 -0.016526 0.091125 0.995702 0.000000 0.000000 0.000000 0.000000 1.000000
0.996311 -0.082870 0.022285 0.000000 0.084603 0.992030 -0.093374 9.894900 -0.014370 0.094915 0.995382 0.000000 0.000000 0.000000 0.000000 1.000000
0.996714 -0.078425 0.020289 0.000000 0.080029 0.992100 -0.096608 9.894900 -0.012552 0.097914 0.995116 0.000000 0.000000 0.000000 0.000000 1.000000
0.997129 -0.073431 0.018484 0.000000 0.074909 0.992251 -0.099126 9.894900 -0.011062 0.100226 0.994903 0.000000 0.000000 0.000000 0.000000 1.000000
0.997529 -0.068198 0.016863 0.000000 0.069565 0.992383 -0.101673 9.894900 -0.009801 0.102595 0.994675 -0.000000 0.000000 0.000000 0.000000 1.000000
0.997892 -0.062993 0.015604 0.000000 0.064287 0.992409 -0.104838 9.894900 -0.008881 0.105620 0.994367 -0.000000 0.000000 0.000000 0.000000 1.000000
0.998208 -0.057943 0.014947 0.000000 0.059226 0.992338 -0.108431 9.894900 -0.008549 0.109122 0.993992 -0.000000 0.000000 0.000000 0.000000 1.000000
0.998486 -0.052935 0.014971 -0.000000 0.054279 0.992262 -0.111664 9.894900 -0.008944 0.112308 0.993633 0.000000 0.000000 0.000000 0.000000 1.000000
0.998745 -0.047635 0.015475 0.000000 0.049091 0.992283 -0.113863 9.894900 -0.009932 0.114480 0.993376 -0.000000 0.000000 0.000000 0.000000 1.000000
0.999000 -0.041721 0.016065 0.000000 0.043295 0.992426 -0.114960 9.894900 -0.011147 0.115540 0.993240 0.000000 0.000000 0.000000 0.000000 1.000000
0.999247 -0.035172 0.016375 0.000000 0.036830 0.992641 -0.115359 9.894900 -0.012197 0.115876 0.993189 -0.000000 0.000000 0.000000 0.000000 1.000000
0.999466 -0.028322 0.016273 0.000000 0.030015 0.992857 -0.115471 9.894900 -0.012886 0.115897 0.993178 -0.000000 0.000000 0.000000 0.000000 1.000000
0.999640 -0.021611 0.015883 0.000000 0.023303 0.993038 -0.115465 9.894900 -0.013277 0.115793 0.993185 0.000000 0.000000 0.000000 0.000000 1.000000
0.999765 -0.015297 0.015390 0.000000 0.016973 0.993176 -0.115382 9.894900 -0.013520 0.115616 0.993202 0.000000 0.000000 0.000000 0.000000 1.000000
0.999846 -0.009386 0.014845 -0.000000 0.011036 0.993270 -0.115298 9.894900 -0.013663 0.115444 0.993220 0.000000 0.000000 0.000000 0.000000 1.000000
0.999892 -0.003742 0.014198 0.000000 0.005355 0.993314 -0.115322 9.894900 -0.013671 0.115385 0.993227 0.000000 0.000000 0.000000 0.000000 1.000000
0.999907 0.001759 0.013508 0.000000 -0.000187 0.993307 -0.115507 9.894900 -0.013620 0.115493 0.993215 0.000000 0.000000 0.000000 0.000000 1.000000
0.999890 0.007152 0.013012 -0.000000 -0.005597 0.993252 -0.115841 9.894900 -0.013753 0.115755 0.993183 -0.000000 0.000000 0.000000 0.000000 1.000000
0.999840 0.012343 0.012910 -0.000000 -0.010759 0.993159 -0.116274 9.894900 -0.014257 0.116117 0.993133 0.000000 0.000000 0.000000 0.000000 1.000000
0.999768 0.017107 0.013085 0.000000 -0.015464 0.993045 -0.116713 9.894900 -0.014991 0.116484 0.993079 0.000000 0.000000 0.000000 0.000000 1.000000
0.999691 0.021136 0.013102 0.000000 -0.019459 0.992938 -0.117024 9.894900 -0.015483 0.116733 0.993043 0.000000 0.000000 0.000000 0.000000 1.000000
0.999630 0.024164 0.012528 -0.000000 -0.022532 0.992864 -0.117107 9.894900 -0.015268 0.116782 0.993040 0.000000 0.000000 0.000000 0.000000 1.000000
0.999597 0.026067 0.011285 0.000000 -0.024570 0.992832 -0.116964 9.894900 -0.014253 0.116639 0.993072 0.000000 0.000000 0.000000 0.000000 1.000000
0.999590 0.026928 0.009707 -0.000000 -0.025613 0.992837 -0.116696 9.894900 -0.012779 0.116399 0.993120 -0.000000 0.000000 0.000000 0.000000 1.000000
0.999601 0.027017 0.008271 0.000000 -0.025872 0.992861 -0.116440 9.894900 -0.011357 0.116180 0.993163 -0.000000 0.000000 0.000000 0.000000 1.000000
0.999618 0.026682 0.007274 0.000000 -0.025656 0.992885 -0.116280 9.894900 -0.010325 0.116049 0.993190 -0.000000 0.000000 0.000000 0.000000 1.000000
0.999633 0.026198 0.006872 -0.000000 -0.025223 0.992899 -0.116256 9.894900 -0.009869 0.116040 0.993196 0.000000 0.000000 0.000000 0.000000 1.000000</float_array>
        <technique_common>
          <accessor source="#mixamorig_Spine1-Matrix-animation-output-transform-array" count="61" stride="16">
            <param type="float4x4"/>
          </accessor>
        </technique_common>
      </source>
      <source id="mixamorig_Spine1-Interpolations">
        <Name_array id="mixamorig_Spine1-Interpolations-array" count="61">
 LINEAR LINEAR LINEAR LINEAR LINEAR LINEAR LINEAR LINEAR LINEAR LINEAR LINEAR
LINEAR LINEAR LINEAR LINEAR LINEAR LINEAR LINEAR LINEAR LINEAR LINEAR LINEAR LINEAR
LINEAR LINEAR LINEAR LINEAR LINEAR LINEAR LINEAR LINEAR LINEAR LINEAR LINEAR LINEAR
LINEAR LINEAR LINEAR LINEAR LINEAR LINEAR LINEAR LINEAR LINEAR LINEAR LINEAR LINEAR
LINEAR LINEAR LINEAR LINEAR LINEAR LINEAR LINEAR LINEAR LINEAR LINEAR LINEAR LINEAR
LINEAR LINEAR</Name_array>
        <technique_common>
          <accessor source="#mixamorig_Spine1-Interpolations-array" count="61">
            <param type="name"/>
          </accessor>
        </technique_common>
      </source>
      <sampler id="mixamorig_Spine1-Matrix-animation-transform">
        <input semantic="INPUT" source="#mixamorig_Spine1-Matrix-animation-input"/>
        <input semantic="OUTPUT" source="#mixamorig_Spine1-Matrix-animation-output-transform"/>
        <input semantic="INTERPOLATION" source="#mixamorig_Spine1-Interpolations"/>
      </sampler>
      <channel source="#mixamorig_Spine1-Matrix-animation-transform" target="mixamorig_Spine1/matrix"/>
    </animation>
    <animation id="mixamorig_Spine2-anim" name="mixamorig_Spine2">
      <source id="mixamorig_Spine2-Matrix-animation-input">
        <float_array id="mixamorig_Spine2-Matrix-animation-input-array" count="61">

0.000000 0.033333 0.066667 0.100000 0.133333 0.166667 0.200000 0.233333 0.266667 0.300000 0.333333 0.366667 0.400000 0.433333 0.466667 0.500000
0.533333 0.566667 0.600000 0.633333 0.666667 0.700000 0.733333 0.766667 0.800000 0.833333 0.866667 0.900000 0.933333 0.966667 1.000000 1.033333
1.066667 1.100000 1.133333 1.166667 1.200000 1.233333 1.266667 1.300000 1.333333 1.366667 1.400000 1.433333 1.466667 1.500000 1.533333 1.566667
1.600000 1.633333 1.666667 1.700000 1.733333 1.766667 1.800000 1.833333 1.866667 1.900000 1.933333 1.966667 2.000000</float_array>
        <technique_common>
          <accessor source="#mixamorig_Spine2-Matrix-animation-input-array" count="61">
            <param name="TIME" type="float"/>
          </accessor>
        </technique_common>
      </source>
      <source id="mixamorig_Spine2-Matrix-animation-output-transform">
        <float_array id="mixamorig_Spine2-Matrix-animation-output-transform-array" count="976">

0.999606 0.026789 0.008358 0.000000 -0.025424 0.990605 -0.134373 10.500200 -0.011879 0.134108 0.990896 -0.000000 0.000000 0.000000 0.000000 1.000000
0.999615 0.026586 0.007977 0.000000 -0.025275 0.990612 -0.134346 10.500200 -0.011474 0.134093 0.990902 0.000000 0.000000 0.000000 0.000000 1.000000
0.999647 0.025553 0.007234 -0.000000 -0.024359 0.990744 -0.133544 10.500200 -0.010580 0.133320 0.991017 -0.000000 0.000000 0.000000 0.000000 1.000000
0.999702 0.023740 0.005750 0.000000 -0.022769 0.990910 -0.132585 10.500200 -0.008845 0.132415 0.991155 0.000000 0.000000 0.000000 0.000000 1.000000
0.999762 0.021585 0.003086 -0.000000 -0.020988 0.990993 -0.132262 10.500200 -0.005913 0.132166 0.991210 -0.000000 0.000000 0.000000 0.000000 1.000000
0.999795 0.020204 -0.000993 0.000000 -0.020156 0.990893 -0.133132 10.500200 -0.001706 0.133125 0.991098 0.000000 0.000000 0.000000 0.000000 1.000000
0.999768 0.020596 -0.006310 -0.000000 -0.021258 0.990688 -0.134480 10.500200 0.003481 0.134583 0.990896 0.000000 0.000000 0.000000 0.000000 1.000000
0.999673 0.022538 -0.012039 -0.000000 -0.023948 0.990716 -0.133824 10.500200 0.008911 0.134069 0.990932 0.000000 0.000000 0.000000 0.000000 1.000000
0.999576 0.024013 -0.016484 -0.000000 -0.025931 0.991406 -0.128228 10.500200 0.013263 0.128601 0.991608 0.000000 0.000000 0.000000 0.000000 1.000000
0.999601 0.022242 -0.017398 -0.000000 -0.024119 0.992915 -0.116354 10.500200 0.014686 0.116727 0.993055 -0.000000 0.000000 0.000000 0.000000 1.000000
0.999795 0.015485 -0.013068 0.000000 -0.016709 0.994903 -0.099446 10.500200 0.011461 0.099644 0.994957 0.000000 0.000000 0.000000 0.000000 1.000000
0.999985 0.004203 -0.003454 -0.000000 -0.004466 0.996774 -0.080131 10.500200 0.003106 0.080145 0.996778 0.000000 0.000000 0.000000 0.000000 1.000000
0.999909 -0.009314 0.009743 -0.000000 0.009886 0.998126 -0.060382 10.500200 -0.009162 0.060473 0.998128 0.000000 0.000000 0.000000 0.000000 1.000000
0.999461 -0.022362 0.024052 0.000000 0.023340 0.998880 -0.041167 10.500200 -0.023105 0.041706 0.998863 0.000000 0.000000 0.000000 0.000000 1.000000
0.998762 -0.033182 0.037055 -0.000000 0.034080 0.999134 -0.023866 10.500200 -0.036231 0.025099 0.999028 0.000000 0.000000 0.000000 0.000000 1.000000
0.998064 -0.041253 0.046541 -0.000000 0.041794 0.999069 -0.010724 10.500200 -0.046055 0.012648 0.998859 -0.000000 0.000000 0.000000 0.000000 1.000000
0.997610 -0.046886 0.050754 0.000000 0.047109 0.998885 -0.003196 10.500200 -0.050547 0.005579 0.998706 0.000000 0.000000 0.000000 0.000000 1.000000
0.997501 -0.050632 0.049269 0.000000 0.050721 0.998713 -0.000553 10.500200 -0.049178 0.003051 0.998785 0.000000 0.000000 0.000000 0.000000 1.000000
0.997634 -0.053050 0.043732 0.000000 0.053129 0.998587 -0.000641 10.500200 -0.043636 0.002962 0.999043 0.000000 0.000000 0.000000 0.000000 1.000000
0.997802 -0.054760 0.037304 0.000000 0.054865 0.998492 -0.001787 10.500200 -0.037150 0.003830 0.999302 0.000000 0.000000 0.000000 0.000000 1.000000
0.997863 -0.056482 0.032844 -0.000000 0.056636 0.998388 -0.003767 10.500200 -0.032579 0.005619 0.999453 0.000000 0.000000 0.000000 0.000000 1.000000
