<?xml version="1.0" encoding="utf-8"?>
<COLLADA xmlns="http://www.collada.org/2005/11/COLLADASchema" version="1.4.1">
  <asset>
    <contributor>
      <author>Mixamo</author>
      <authoring_tool>COLLADA Mixamo exporter</authoring_tool>
      <comments/>
    </contributor>
    <created>2023-06-05T17:03:16Z</created>
    <modified>2023-06-05T17:03:16Z</modified>
    <revision/>
    <title/>
    <unit meter="0.010000"/>
    <up_axis>Y_UP</up_axis>
  </asset>
  <library_animations>
    <animation id="mixamorig_Hips-anim" name="mixamorig_Hips">
      <source id="mixamorig_Hips-Matrix-animation-input">
        <float_array id="mixamorig_Hips-Matrix-animation-input-array" count="147">

0.000000 0.033333 0.066667 0.100000 0.133333 0.166667 0.200000 0.233333 0.266667 0.300000 0.333333 0.366667 0.400000 0.433333 0.466667 0.500000
0.533333 0.566667 0.600000 0.633333 0.666667 0.700000 0.733333 0.766667 0.800000 0.833333 0.866667 0.900000 0.933333 0.966667 1.000000 1.033333
1.066667 1.100000 1.133333 1.166667 1.200000 1.233333 1.266667 1.300000 1.333333 1.366667 1.400000 1.433333 1.466667 1.500000 1.533333 1.566667
1.600000 1.633333 1.666667 1.700000 1.733333 1.766667 1.800000 1.833333 1.866667 1.900000 1.933333 1.966667 2.000000 2.033333 2.066667 2.100000
2.133333 2.166667 2.200000 2.233333 2.266667 2.300000 2.333333 2.366667 2.400000 2.433333 2.466667 2.500000 2.533333 2.566667 2.600000 2.633333
2.666667 2.700000 2.733333 2.766667 2.800000 2.833333 2.866667 2.900000 2.933333 2.966667 3.000000 3.033333 3.066667 3.100000 3.133333 3.166667
3.200000 3.233333 3.266667 3.300000 3.333333 3.366667 3.400000 3.433333 3.466667 3.500000 3.533333 3.566667 3.600000 3.633333 3.666667 3.700000
3.733333 3.766667 3.800000 3.833333 3.866667 3.900000 3.933333 3.966667 4.000000 4.033333 4.066667 4.100000 4.133333 4.166667 4.200000 4.233333
4.266667 4.300000 4.333333 4.366667 4.400000 4.433333 4.466667 4.500000 4.533333 4.566667 4.600000 4.633333 4.666667 4.700000 4.733333 4.766667
4.800000 4.833333 4.866667</float_array>
        <technique_common>
          <accessor source="#mixamorig_Hips-Matrix-animation-input-array" count="147">
            <param name="TIME" type="float"/>
          </accessor>
        </technique_common>
      </source>
      <source id="mixamorig_Hips-Matrix-animation-output-transform">
        <float_array id="mixamorig_Hips-Matrix-animation-output-transform-array" count="2352">

0.939806 -0.019950 -0.341125 0.208658 -0.042330 0.983808 -0.174156 97.862152 0.339075 0.178113 0.923744 -1.650416 0.000000 0.000000 0.000000 1.000000
0.939166 -0.019509 -0.342909 0.292007 -0.043096 0.983802 -0.174002 97.851677 0.340749 0.178195 0.923113 -1.601126 0.000000 0.000000 0.000000 1.000000
0.938442 -0.019059 -0.344911 0.400637 -0.043914 0.983793 -0.173846 97.834183 0.342635 0.178291 0.922396 -1.535761 0.000000 0.000000 0.000000 1.000000
0.937627 -0.018597 -0.347146 0.527499 -0.044782 0.983787 -0.173659 97.810722 0.344748 0.178373 0.921592 -1.458469 0.000000 0.000000 0.000000 1.000000
0.936724 -0.018107 -0.349601 0.673191 -0.045688 0.983797 -0.173370 97.779396 0.347075 0.178372 0.920718 -1.369129 0.000000 0.000000 0.000000 1.000000
0.935668 -0.017597 -0.352442 0.860183 -0.046623 0.983836 -0.172897 97.733971 0.349788 0.178207 0.919723 -1.251341 0.000000 0.000000 0.000000 1.000000
0.934442 -0.017135 -0.355702 1.094555 -0.047546 0.983896 -0.172301 97.680984 0.352927 0.177918 0.918579 -1.096777 0.000000 0.000000 0.000000 1.000000
0.933171 -0.016854 -0.359038 1.354306 -0.048304 0.983958 -0.171734 97.631897 0.356173 0.177600 0.917387 -0.916493 0.000000 0.000000 0.000000 1.000000
0.931937 -0.016940 -0.362223 1.629552 -0.048673 0.984025 -0.171248 97.583344 0.359338 0.177222 0.916225 -0.712662 0.000000 0.000000 0.000000 1.000000
0.930663 -0.017386 -0.365465 1.914270 -0.048782 0.984056 -0.171039 97.535805 0.362612 0.177008 0.914976 -0.481637 0.000000 0.000000 0.000000 1.000000
0.929310 -0.017932 -0.368865 2.201754 -0.049092 0.983958 -0.171515 97.495750 0.366023 0.177499 0.913521 -0.224863 0.000000 0.000000 0.000000 1.000000
0.928064 -0.018422 -0.371966 2.495196 -0.049657 0.983737 -0.172616 97.456978 0.369097 0.178669 0.912055 0.046337 0.000000 0.000000 0.000000 1.000000
0.927063 -0.019063 -0.374420 2.790209 -0.049981 0.983507 -0.173826 97.409187 0.371558 0.179862 0.910821 0.310451 0.000000 0.000000 0.000000 1.000000
0.926232 -0.019775 -0.376436 3.085746 -0.049943 0.983382 -0.174544 97.352654 0.373632 0.180468 0.909852 0.565644 0.000000 0.000000 0.000000 1.000000
0.925908 -0.019608 -0.377241 3.379746 -0.050153 0.983430 -0.174213 97.297394 0.374406 0.180224 0.909582 0.820260 0.000000 0.000000 0.000000 1.000000
0.926636 -0.018069 -0.375525 3.676606 -0.050820 0.983657 -0.172733 97.248627 0.372509 0.179145 0.910574 1.085082 0.000000 0.000000 0.000000 1.000000
0.927964 -0.016257 -0.372316 3.966886 -0.051515 0.983861 -0.171357 97.206703 0.369093 0.178193 0.912150 1.347948 0.000000 0.000000 0.000000 1.000000
0.928884 -0.015514 -0.370047 4.224630 -0.051870 0.983826 -0.171451 97.169693 0.366722 0.178452 0.913055 1.579098 0.000000 0.000000 0.000000 1.000000
0.929467 -0.015552 -0.368578 4.432188 -0.051948 0.983638 -0.172505 97.134872 0.365230 0.179484 0.913451 1.765314 0.000000 0.000000 0.000000 1.000000
0.930514 -0.015101 -0.365946 4.587119 -0.052020 0.983571 -0.172862 97.100700 0.362544 0.179887 0.914441 1.912198 0.000000 0.000000 0.000000 1.000000
0.931930 -0.013948 -0.362369 4.692141 -0.052223 0.983682 -0.172169 97.065887 0.358857 0.179373 0.915995 2.023067 0.000000 0.000000 0.000000 1.000000
0.932970 -0.013159 -0.359712 4.755078 -0.052425 0.983708 -0.171958 97.031204 0.356115 0.179290 0.917081 2.099258 0.000000 0.000000 0.000000 1.000000
0.933641 -0.013401 -0.357960 4.787994 -0.052367 0.983458 -0.173403 97.002045 0.354362 0.180642 0.917494 2.147318 0.000000 0.000000 0.000000 1.000000
0.934246 -0.014043 -0.356351 4.788116 -0.052111 0.983124 -0.175361 96.984833 0.352800 0.182401 0.917748 2.163001 0.000000 0.000000 0.000000 1.000000
0.934771 -0.014500 -0.354956 4.750502 -0.051756 0.982948 -0.176452 96.982353 0.351462 0.183313 0.918080 2.140453 0.000000 0.000000 0.000000 1.000000
0.935133 -0.014765 -0.353989 4.675659 -0.051295 0.982962 -0.176504 96.991959 0.350564 0.183213 0.918443 2.078916 0.000000 0.000000 0.000000 1.000000
0.935422 -0.014859 -0.353221 4.562386 -0.050808 0.983094 -0.175909 97.007896 0.349864 0.182496 0.918853 1.980772 0.000000 0.000000 0.000000 1.000000
0.935840 -0.014770 -0.352115 4.412781 -0.050463 0.983210 -0.175362 97.027397 0.348793 0.181880 0.919382 1.850153 0.000000 0.000000 0.000000 1.000000
0.936442 -0.014450 -0.350525 4.231409 -0.050409 0.983241 -0.175203 97.052856 0.347183 0.181737 0.920020 1.690280 0.000000 0.000000 0.000000 1.000000
0.937124 -0.013937 -0.348719 4.024594 -0.050607 0.983215 -0.175292 97.086861 0.345309 0.181918 0.920689 1.503886 0.000000 0.000000 0.000000 1.000000
0.937789 -0.013368 -0.346948 3.796872 -0.050830 0.983207 -0.175275 97.128578 0.343465 0.182006 0.921361 1.295866 0.000000 0.000000 0.000000 1.000000
0.938449 -0.012833 -0.345178 3.548447 -0.050861 0.983283 -0.174834 97.174927 0.341652 0.181629 0.922109 1.073510 0.000000 0.000000 0.000000 1.000000
0.939163 -0.012335 -0.343249 3.278960 -0.050689 0.983434 -0.174033 97.225655 0.339710 0.180844 0.922980 0.841345 0.000000 0.000000 0.000000 1.000000
0.939909 -0.011876 -0.341219 2.992895 -0.050437 0.983601 -0.173164 97.283478 0.337679 0.179968 0.923896 0.599681 0.000000 0.000000 0.000000 1.000000
0.940535 -0.011552 -0.339499 2.698938 -0.050121 0.983764 -0.172327 97.349365 0.335978 0.179096 0.924686 0.351861 0.000000 0.000000 0.000000 1.000000
0.940817 -0.011532 -0.338719 2.404382 -0.049654 0.983947 -0.171416 97.417404 0.335258 0.178090 0.925141 0.109359 0.000000 0.000000 0.000000 1.000000
0.940692 -0.011798 -0.339056 2.110900 -0.049084 0.984147 -0.170425 97.477295 0.335691 0.176960 0.925201 -0.117506 0.000000 0.000000 0.000000 1.000000
0.940399 -0.012109 -0.339857 1.816519 -0.048605 0.984320 -0.169562 97.526787 0.336582 0.175975 0.925065 -0.333175 0.000000 0.000000 0.000000 1.000000
0.940232 -0.012245 -0.340314 1.520519 -0.048367 0.984420 -0.169050 97.574417 0.337082 0.175406 0.924991 -0.551303 0.000000 0.000000 0.000000 1.000000
0.940315 -0.012196 -0.340086 1.225784 -0.048359 0.984427 -0.169010 97.627747 0.336851 0.175369 0.925082 -0.775439 0.000000 0.000000 0.000000 1.000000
0.940674 -0.012141 -0.339093 0.941808 -0.048374 0.984353 -0.169439 97.684708 0.335845 0.175790 0.925368 -0.992881 0.000000 0.000000 0.000000 1.000000
0.941386 -0.012300 -0.337107 0.683816 -0.048103 0.984228 -0.170240 97.734108 0.333884 0.176477 0.925947 -1.185909 0.000000 0.000000 0.000000 1.000000
0.942429 -0.012764 -0.334162 0.462188 -0.047386 0.984091 -0.171231 97.766663 0.331031 0.177207 0.926831 -1.345471 0.000000 0.000000 0.000000 1.000000
0.943494 -0.013451 -0.331116 0.274311 -0.046397 0.983973 -0.172178 97.783676 0.328125 0.177812 0.927748 -1.474319 0.000000 0.000000 0.000000 1.000000
0.944209 -0.014153 -0.329044 0.110274 -0.045510 0.983886 -0.172911 97.792542 0.326189 0.178239 0.928349 -1.578192 0.000000 0.000000 0.000000 1.000000
0.944447 -0.014584 -0.328341 -0.032953 -0.045043 0.983845 -0.173263 97.797844 0.325564 0.178427 0.928532 -1.657197 0.000000 0.000000 0.000000 1.000000
0.944383 -0.014575 -0.328524 -0.148820 -0.045052 0.983863 -0.173157 97.799652 0.325747 0.178327 0.928487 -1.709234 0.000000 0.000000 0.000000 1.000000
0.944143 -0.014155 -0.329231 -0.230505 -0.045437 0.983943 -0.172604 97.796844 0.326387 0.177922 0.928340 -1.734640 0.000000 0.000000 0.000000 1.000000
0.943692 -0.013541 -0.330547 -0.276318 -0.046037 0.984065 -0.171745 97.787933 0.327605 0.177291 0.928032 -1.732964 0.000000 0.000000 0.000000 1.000000
0.943007 -0.012981 -0.332519 -0.284847 -0.046674 0.984202 -0.170787 97.770668 0.329483 0.176574 0.927504 -1.699318 0.000000 0.000000 0.000000 1.000000
0.942147 -0.012558 -0.334966 -0.251811 -0.047283 0.984327 -0.169894 97.743744 0.331849 0.175904 0.926787 -1.628351 0.000000 0.000000 0.000000 1.000000
0.941191 -0.012260 -0.337651 -0.173883 -0.047864 0.984425 -0.169163 97.706284 0.334466 0.175376 0.925946 -1.519535 0.000000 0.000000 0.000000 1.000000
0.940210 -0.012173 -0.340378 -0.054005 -0.048328 0.984481 -0.168705 97.658043 0.337149 0.175068 0.925031 -1.376974 0.000000 0.000000 0.000000 1.000000
0.939237 -0.012477 -0.343044 0.100029 -0.048489 0.984497 -0.168568 97.601463 0.339829 0.174959 0.924070 -1.205177 0.000000 0.000000 0.000000 1.000000
0.938271 -0.013115 -0.345653 0.280807 -0.048384 0.984481 -0.168692 97.542847 0.342501 0.175003 0.923075 -1.009000 0.000000 0.000000 0.000000 1.000000
0.937266 -0.013680 -0.348347 0.484070 -0.048391 0.984451 -0.168860 97.486656 0.345241 0.175123 0.922031 -0.794459 0.000000 0.000000 0.000000 1.000000
0.936154 -0.013728 -0.351322 0.707491 -0.048938 0.984423 -0.168868 97.430115 0.348168 0.175279 0.920900 -0.566192 0.000000 0.000000 0.000000 1.000000
0.934900 -0.013383 -0.354658 0.949146 -0.049919 0.984397 -0.168735 97.368195 0.351382 0.175455 0.919645 -0.323876 0.000000 0.000000 0.000000 1.000000
0.933469 -0.013247 -0.358413 1.204761 -0.050779 0.984370 -0.168633 97.304352 0.355045 0.175614 0.918206 -0.065906 0.000000 0.000000 0.000000 1.000000
0.931939 -0.013646 -0.362357 1.470074 -0.051103 0.984376 -0.168503 97.249741 0.358995 0.175552 0.916681 0.204402 0.000000 0.000000 0.000000 1.000000
0.930713 -0.014086 -0.365480 1.745759 -0.051085 0.984457 -0.168030 97.210571 0.362166 0.175058 0.915527 0.480439 0.000000 0.000000 0.000000 1.000000
0.930255 -0.013848 -0.366653 2.036601 -0.051170 0.984626 -0.167014 97.182533 0.363329 0.174127 0.915244 0.758417 0.000000 0.000000 0.000000 1.000000
0.930609 -0.012922 -0.365786 2.341935 -0.051447 0.984837 -0.165680 97.156029 0.362381 0.173002 0.915833 1.035992 0.000000 0.000000 0.000000 1.000000
0.931228 -0.011977 -0.364241 2.649814 -0.051734 0.984994 -0.164654 97.124138 0.360748 0.172174 0.916634 1.305510 0.000000 0.000000 0.000000 1.000000
0.931477 -0.011590 -0.363616 2.942271 -0.051946 0.985014 -0.164466 97.087936 0.360073 0.172084 0.916916 1.556630 0.000000 0.000000 0.000000 1.000000
0.931295 -0.011729 -0.364077 3.198522 -0.052117 0.984909 -0.165042 97.054787 0.360518 0.172678 0.916629 1.783991 0.000000 0.000000 0.000000 1.000000
0.931024 -0.012103 -0.364756 3.400827 -0.052235 0.984741 -0.166003 97.029999 0.361200 0.173606 0.916185 1.985377 0.000000 0.000000 0.000000 1.000000
0.930936 -0.012506 -0.364967 3.545808 -0.052271 0.984559 -0.167067 97.015182 0.361421 0.174606 0.915908 2.159695 0.000000 0.000000 0.000000 1.000000
0.931016 -0.012908 -0.364750 3.647262 -0.052253 0.984366 -0.168209 97.010971 0.361219 0.175664 0.915786 2.310845 0.000000 0.000000 0.000000 1.000000
0.931171 -0.013353 -0.364339 3.720763 -0.052189 0.984156 -0.169452 97.017662 0.360829 0.176803 0.915720 2.442857 0.000000 0.000000 0.000000 1.000000
0.931388 -0.013891 -0.363763 3.768007 -0.052044 0.983925 -0.170828 97.034821 0.360289 0.178039 0.915693 2.543131 0.000000 0.000000 0.000000 1.000000
0.931691 -0.014719 -0.362954 3.789435 -0.051677 0.983645 -0.172544 97.064758 0.359558 0.179514 0.915693 2.590569 0.000000 0.000000 0.000000 1.000000
0.932014 -0.015679 -0.362084 3.780518 -0.051214 0.983341 -0.174406 97.106697 0.358787 0.181093 0.915684 2.560364 0.000000 0.000000 0.000000 1.000000
0.932247 -0.016468 -0.361447 3.741820 -0.050882 0.983070 -0.176026 97.158005 0.358226 0.182491 0.915626 2.484785 0.000000 0.000000 0.000000 1.000000
0.932379 -0.016996 -0.361083 3.676772 -0.050742 0.982850 -0.177289 97.217697 0.357903 0.183622 0.915526 2.399469 0.000000 0.000000 0.000000 1.000000
0.932537 -0.017360 -0.360657 3.581702 -0.050688 0.982659 -0.178360 97.282211 0.357499 0.184608 0.915486 2.306907 0.000000 0.000000 0.000000 1.000000
0.932878 -0.017741 -0.359756 3.458058 -0.050555 0.982451 -0.179541 97.344910 0.356628 0.185677 0.915609 2.209099 0.000000 0.000000 0.000000 1.000000
0.933460 -0.018221 -0.358219 3.319183 -0.050264 0.982209 -0.180940 97.400963 0.355142 0.186906 0.915937 2.119138 0.000000 0.000000 0.000000 1.000000
0.934220 -0.018696 -0.356206 3.180219 -0.049888 0.981962 -0.182380 97.449242 0.353191 0.188153 0.916436 2.035450 0.000000 0.000000 0.000000 1.000000
0.935076 -0.018907 -0.353941 3.037912 -0.049641 0.981749 -0.183590 97.488319 0.350953 0.189241 0.917071 1.932977 0.000000 0.000000 0.000000 1.000000
0.936110 -0.018752 -0.351207 2.870859 -0.049506 0.981610 -0.184365 97.518234 0.348205 0.189973 0.917967 1.792225 0.000000 0.000000 0.000000 1.000000
0.937555 -0.018510 -0.347344 2.667713 -0.049020 0.981586 -0.184623 97.545883 0.344366 0.190121 0.919384 1.614333 0.000000 0.000000 0.000000 1.000000
0.939382 -0.018429 -0.342376 2.447365 -0.047955 0.981678 -0.184416 97.578094 0.339501 0.189656 0.921287 1.409313 0.000000 0.000000 0.000000 1.000000
0.941067 -0.018276 -0.337727 2.219951 -0.046898 0.981842 -0.183814 97.613274 0.334954 0.188820 0.923121 1.180886 0.000000 0.000000 0.000000 1.000000
0.942016 -0.018083 -0.335081 1.971634 -0.046072 0.982121 -0.182525 97.650322 0.332391 0.187380 0.924340 0.937023 0.000000 0.000000 0.000000 1.000000
0.942053 -0.018576 -0.334951 1.689478 -0.044696 0.982614 -0.180201 97.696381 0.332474 0.184729 0.924844 0.697029 0.000000 0.000000 0.000000 1.000000
0.941709 -0.019908 -0.335838 1.385303 -0.042506 0.983208 -0.177471 97.754585 0.333731 0.181401 0.925050 0.469328 0.000000 0.000000 0.000000 1.000000
0.941758 -0.021123 -0.335626 1.092759 -0.040464 0.983657 -0.175448 97.812004 0.333847 0.178810 0.925512 0.236854 0.000000 0.000000 0.000000 1.000000
0.942474 -0.021501 -0.333588 0.835914 -0.039368 0.983846 -0.174637 97.856148 0.331954 0.177723 0.926402 -0.017543 0.000000 0.000000 0.000000 1.000000
0.943376 -0.021275 -0.331044 0.608592 -0.039151 0.983826 -0.174794 97.891090 0.329408 0.177857 0.927285 -0.283595 0.000000 0.000000 0.000000 1.000000
0.943903 -0.020853 -0.329563 0.397917 -0.039411 0.983757 -0.175126 97.920654 0.327861 0.178290 0.927750 -0.534664 0.000000 0.000000 0.000000 1.000000
0.944012 -0.020350 -0.329284 0.211776 -0.039835 0.983763 -0.174998 97.933479 0.327499 0.178317 0.927873 -0.755792 0.000000 0.000000 0.000000 1.000000
0.943913 -0.019886 -0.329596 0.069481 -0.040187 0.983846 -0.174449 97.918564 0.327741 0.177910 0.927865 -0.944989 0.000000 0.000000 0.000000 1.000000
0.943716 -0.019559 -0.330178 -0.022794 -0.040495 0.983908 -0.174028 97.883713 0.328269 0.177604 0.927737 -1.101812 0.000000 0.000000 0.000000 1.000000
0.943445 -0.019362 -0.330962 -0.075368 -0.040847 0.983898 -0.174000 97.846542 0.329002 0.177678 0.927463 -1.223165 0.000000 0.000000 0.000000 1.000000
0.943118 -0.019376 -0.331893 -0.097629 -0.041104 0.983845 -0.174238 97.818710 0.329908 0.177969 0.927086 -1.307969 0.000000 0.000000 0.000000 1.000000
0.942673 -0.019591 -0.333142 -0.087166 -0.041178 0.983818 -0.174374 97.802460 0.331167 0.178096 0.926612 -1.358929 0.000000 0.000000 0.000000 1.000000
0.941995 -0.019688 -0.335050 -0.036153 -0.041323 0.983879 -0.173995 97.794128 0.333074 0.177747 0.925995 -1.378543 0.000000 0.000000 0.000000 1.000000
0.941040 -0.019439 -0.337736 0.072419 -0.041790 0.984021 -0.173080 97.780998 0.335703 0.176989 0.925191 -1.361805 0.000000 0.000000 0.000000 1.000000
0.939919 -0.019039 -0.340866 0.227099 -0.042421 0.984192 -0.171948 97.757370 0.338751 0.176077 0.924253 -1.307918 0.000000 0.000000 0.000000 1.000000
0.938718 -0.018819 -0.344173 0.420238 -0.042932 0.984349 -0.170919 97.721931 0.342003 0.175221 0.923218 -1.216661 0.000000 0.000000 0.000000 1.000000
0.937441 -0.018796 -0.347636 0.645938 -0.043298 0.984495 -0.169988 97.681885 0.345441 0.174405 0.922092 -1.090671 0.000000 0.000000 0.000000 1.000000
0.936132 -0.018941 -0.351139 0.899599 -0.043508 0.984637 -0.169105 97.641541 0.348948 0.173582 0.920926 -0.934704 0.000000 0.000000 0.000000 1.000000
0.934864 -0.019377 -0.354478 1.175832 -0.043381 0.984791 -0.168242 97.595848 0.352346 0.172661 0.919804 -0.755164 0.000000 0.000000 0.000000 1.000000
0.933618 -0.020085 -0.357705 1.467958 -0.043013 0.984922 -0.167568 97.547295 0.355677 0.171831 0.918677 -0.552617 0.000000 0.000000 0.000000 1.000000
0.932322 -0.020705 -0.361036 1.764516 -0.042985 0.984937 -0.167486 97.506332 0.359066 0.171670 0.917388 -0.328249 0.000000 0.000000 0.000000 1.000000
0.931042 -0.020957 -0.364310 2.060548 -0.043616 0.984802 -0.168118 97.472397 0.362296 0.172414 0.915978 -0.086697 0.000000 0.000000 0.000000 1.000000
0.929907 -0.021052 -0.367191 2.359784 -0.044431 0.984619 -0.168973 97.433891 0.365100 0.173444 0.914669 0.162805 0.000000 0.000000 0.000000 1.000000
0.928888 -0.021314 -0.369746 2.662387 -0.044838 0.984527 -0.169397 97.387039 0.367635 0.173930 0.913560 0.410497 0.000000 0.000000 0.000000 1.000000
0.928106 -0.021353 -0.371704 2.966796 -0.045032 0.984587 -0.169001 97.338257 0.369583 0.173589 0.912839 0.655942 0.000000 0.000000 0.000000 1.000000
0.928108 -0.020433 -0.371750 3.276665 -0.045467 0.984799 -0.167640 97.291496 0.369525 0.172490 0.913071 0.909414 0.000000 0.000000 0.000000 1.000000
0.929142 -0.018689 -0.369249 3.590813 -0.046094 0.985074 -0.165844 97.245369 0.366837 0.171113 0.914413 1.175188 0.000000 0.000000 0.000000 1.000000
0.930394 -0.017419 -0.366148 3.890717 -0.046537 0.985175 -0.165119 97.198257 0.363596 0.170665 0.915790 1.433630 0.000000 0.000000 0.000000 1.000000
0.931166 -0.017344 -0.364183 4.152448 -0.046645 0.984993 -0.166174 97.150040 0.361599 0.171723 0.916383 1.659228 0.000000 0.000000 0.000000 1.000000
0.931876 -0.017757 -0.362342 4.366208 -0.046558 0.984688 -0.167996 97.100395 0.359776 0.173421 0.916780 1.844231 0.000000 0.000000 0.000000 1.000000
0.933158 -0.017578 -0.359038 4.530960 -0.046471 0.984523 -0.168981 97.043358 0.356451 0.174370 0.917898 1.992952 0.000000 0.000000 0.000000 1.000000
0.934639 -0.016899 -0.355196 4.650354 -0.046471 0.984499 -0.169121 96.979301 0.352549 0.174573 0.919366 2.106422 0.000000 0.000000 0.000000 1.000000
0.935737 -0.016599 -0.352307 4.731153 -0.046422 0.984406 -0.169678 96.913818 0.349629 0.175129 0.920374 2.189253 0.000000 0.000000 0.000000 1.000000
0.936502 -0.017073 -0.350247 4.782940 -0.046177 0.984111 -0.171442 96.856590 0.347609 0.176729 0.920834 2.247295 0.000000 0.000000 0.000000 1.000000
0.937117 -0.017834 -0.348558 4.806407 -0.045829 0.983758 -0.173550 96.817528 0.345992 0.178611 0.921080 2.274701 0.000000 0.000000 0.000000 1.000000
0.937360 -0.018255 -0.347884 4.788004 -0.045637 0.983585 -0.174579 96.801880 0.345360 0.179520 0.921140 2.258752 0.000000 0.000000 0.000000 1.000000
0.937237 -0.018400 -0.348207 4.724383 -0.045484 0.983623 -0.174404 96.808884 0.345713 0.179296 0.921051 2.203429 0.000000 0.000000 0.000000 1.000000
0.937061 -0.018421 -0.348680 4.617862 -0.045191 0.983810 -0.173425 96.837692 0.346229 0.178267 0.921057 2.114892 0.000000 0.000000 0.000000 1.000000
0.937139 -0.018407 -0.348471 4.473413 -0.044719 0.984039 -0.172240 96.883484 0.346079 0.176996 0.921359 1.997970 0.000000 0.000000 0.000000 1.000000
0.937569 -0.018518 -0.347307 4.298008 -0.044116 0.984184 -0.171569 96.939735 0.344991 0.176179 0.921923 1.851164 0.000000 0.000000 0.000000 1.000000
0.938197 -0.018879 -0.345586 4.095708 -0.043447 0.984188 -0.171714 97.001114 0.343363 0.176116 0.922542 1.672776 0.000000 0.000000 0.000000 1.000000
0.938766 -0.019367 -0.344012 3.867422 -0.042790 0.984137 -0.172174 97.065407 0.341889 0.176352 0.923045 1.468035 0.000000 0.000000 0.000000 1.000000
0.939135 -0.019712 -0.342982 3.614225 -0.042195 0.984175 -0.172101 97.131264 0.340947 0.176098 0.923442 1.246495 0.000000 0.000000 0.000000 1.000000
0.939403 -0.019860 -0.342239 3.340246 -0.041594 0.984342 -0.171293 97.196243 0.340282 0.175148 0.923867 1.013983 0.000000 0.000000 0.000000 1.000000
0.939750 -0.019948 -0.341281 3.052284 -0.040908 0.984561 -0.170192 97.257469 0.339407 0.173899 0.924425 0.772034 0.000000 0.000000 0.000000 1.000000
0.940191 -0.020043 -0.340057 2.757989 -0.040198 0.984765 -0.169180 97.313774 0.338267 0.172732 0.925062 0.523349 0.000000 0.000000 0.000000 1.000000
0.940547 -0.020107 -0.339068 2.464174 -0.039597 0.984949 -0.168247 97.367058 0.337347 0.171671 0.925595 0.275811 0.000000 0.000000 0.000000 1.000000
0.940662 -0.020081 -0.338750 2.173703 -0.039231 0.985119 -0.167336 97.420609 0.337069 0.170696 0.925876 0.038685 0.000000 0.000000 0.000000 1.000000
0.940611 -0.019947 -0.338900 1.885624 -0.039178 0.985225 -0.166726 97.476372 0.337219 0.170102 0.925931 -0.187071 0.000000 0.000000 0.000000 1.000000
0.940603 -0.019776 -0.338932 1.598355 -0.039376 0.985211 -0.166761 97.531601 0.337217 0.170202 0.925914 -0.410793 0.000000 0.000000 0.000000 1.000000
0.940668 -0.019768 -0.338753 1.313026 -0.039658 0.985056 -0.167609 97.583336 0.337003 0.171098 0.925826 -0.641916 0.000000 0.000000 0.000000 1.000000
0.940634 -0.020067 -0.338830 1.036568 -0.039896 0.984795 -0.169078 97.633888 0.337070 0.172558 0.925531 -0.877755 0.000000 0.000000 0.000000 1.000000
0.940471 -0.020557 -0.339253 0.782513 -0.040053 0.984510 -0.170690 97.689445 0.337507 0.174117 0.925080 -1.103192 0.000000 0.000000 0.000000 1.000000
0.940459 -0.021000 -0.339258 0.563445 -0.040055 0.984288 -0.171965 97.749634 0.337539 0.175315 0.924842 -1.300797 0.000000 0.000000 0.000000 1.000000
0.940825 -0.021355 -0.338219 0.379252 -0.039767 0.984161 -0.172760 97.804382 0.336551 0.175987 0.925074 -1.462146 0.000000 0.000000 0.000000 1.000000
0.941387 -0.021746 -0.336626 0.219328 -0.039256 0.984077 -0.173353 97.844528 0.335035 0.176407 0.925544 -1.590113 0.000000 0.000000 0.000000 1.000000
0.941687 -0.022062 -0.335766 0.093706 -0.038945 0.983997 -0.173879 97.867737 0.334228 0.176816 0.925758 -1.683724 0.000000 0.000000 0.000000 1.000000
0.941601 -0.022086 -0.336006 0.024438 -0.039098 0.983927 -0.174241 97.878151 0.334454 0.177203 0.925602 -1.735992 0.000000 0.000000 0.000000 1.000000
0.941305 -0.021830 -0.336851 0.015421 -0.039594 0.983878 -0.174404 97.881866 0.335227 0.177505 0.925265 -1.750323 0.000000 0.000000 0.000000 1.000000
0.940935 -0.021398 -0.337910 0.043085 -0.040261 0.983849 -0.174412 97.882713 0.336185 0.177715 0.924877 -1.741756 0.000000 0.000000 0.000000 1.000000
0.940525 -0.020864 -0.339083 0.091755 -0.041031 0.983829 -0.174347 97.879524 0.337238 0.177891 0.924460 -1.717883 0.000000 0.000000 0.000000 1.000000
0.940062 -0.020263 -0.340402 0.163033 -0.041884 0.983813 -0.174232 97.869797 0.338423 0.178047 0.923996 -1.677402 0.000000 0.000000 0.000000 1.000000</float_array>
        <technique_common>
          <accessor source="#mixamorig_Hips-Matrix-animation-output-transform-array" count="147" stride="16">
            <param type="float4x4"/>
          </accessor>
        </technique_common>
      </source>
      <source id="mixamorig_Hips-Interpolations">
        <Name_array id="mixamorig_Hips-Interpolations-array" count="147">
 LINEAR LINEAR LINEAR LINEAR LINEAR LINEAR LINEAR LINEAR LINEAR LINEAR LINEAR
LINEAR LINEAR LINEAR LINEAR LINEAR LINEAR LINEAR LINEAR LINEAR LINEAR LINEAR LINEAR
LINEAR LINEAR LINEAR LINEAR LINEAR LINEAR LINEAR LINEAR LINEAR LINEAR LINEAR LINEAR
LINEAR LINEAR LINEAR LINEAR LINEAR LINEAR LINEAR LINEAR LINEAR LINEAR LINEAR LINEAR
LINEAR LINEAR LINEAR LINEAR LINEAR LINEAR LINEAR LINEAR LINEAR LINEAR LINEAR LINEAR
LINEAR LINEAR LINEAR LINEAR LINEAR LINEAR LINEAR LINEAR LINEAR LINEAR LINEAR LINEAR
LINEAR LINEAR LINEAR LINEAR LINEAR LINEAR LINEAR LINEAR LINEAR LINEAR LINEAR LINEAR
LINEAR LINEAR LINEAR LINEAR LINEAR LINEAR LINEAR LINEAR LINEAR LINEAR LINEAR LINEAR
LINEAR LINEAR LINEAR LINEAR LINEAR LINEAR LINEAR LINEAR LINEAR LINEAR LINEAR LINEAR
LINEAR LINEAR LINEAR LINEAR LINEAR LINEAR LINEAR LINEAR LINEAR LINEAR LINEAR LINEAR
LINEAR LINEAR LINEAR LINEAR LINEAR LINEAR LINEAR LINEAR LINEAR LINEAR LINEAR LINEAR
LINEAR LINEAR LINEAR LINEAR LINEAR LINEAR LINEAR LINEAR LINEAR LINEAR LINEAR LINEAR
LINEAR LINEAR LINEAR LINEAR</Name_array>
        <technique_common>
          <accessor source="#mixamorig_Hips-Interpolations-array" count="147">
            <param type="name"/>
          </accessor>
        </technique_common>
      </source>
      <sampler id="mixamorig_Hips-Matrix-animation-transform">
        <input semantic="INPUT" source="#mixamorig_Hips-Matrix-animation-input"/>
        <input semantic="OUTPUT" source="#mixamorig_Hips-Matrix-animation-output-transform"/>
        <input semantic="INTERPOLATION" source="#mixamorig_Hips-Interpolations"/>
      </sampler>
      <channel source="#mixamorig_Hips-Matrix-animation-transform" target="mixamorig_Hips/matrix"/>
    </animation>
    <animation id="mixamorig_Spine-anim" name="mixamorig_Spine">
      <source id="mixamorig_Spine-Matrix-animation-input">
        <float_array id="mixamorig_Spine-Matrix-animation-input-array" count="147">

0.000000 0.033333 0.066667 0.100000 0.133333 0.166667 0.200000 0.233333 0.266667 0.300000 0.333333 0.366667 0.400000 0.433333 0.466667 0.500000
0.533333 0.566667 0.600000 0.633333 0.666667 0.700000 0.733333 0.766667 0.800000 0.833333 0.866667 0.900000 0.933333 0.966667 1.000000 1.033333
1.066667 1.100000 1.133333 1.166667 1.200000 1.233333 1.266667 1.300000 1.333333 1.366667 1.400000 1.433333 1.466667 1.500000 1.533333 1.566667
1.600000 1.633333 1.666667 1.700000 1.733333 1.766667 1.800000 1.833333 1.866667 1.900000 1.933333 1.966667 2.000000 2.033333 2.066667 2.100000
2.133333 2.166667 2.200000 2.233333 2.266667 2.300000 2.333333 2.366667 2.400000 2.433333 2.466667 2.500000 2.533333 2.566667 2.600000 2.633333
2.666667 2.700000 2.733333 2.766667 2.800000 2.833333 2.866667 2.900000 2.933333 2.966667 3.000000 3.033333 3.066667 3.100000 3.133333 3.166667
3.200000 3.233333 3.266667 3.300000 3.333333 3.366667 3.400000 3.433333 3.466667 3.500000 3.533333 3.566667 3.600000 3.633333 3.666667 3.700000
3.733333 3.766667 3.800000 3.833333 3.866667 3.900000 3.933333 3.966667 4.000000 4.033333 4.066667 4.100000 4.133333 4.166667 4.200000 4.233333
4.266667 4.300000 4.333333 4.366667 4.400000 4.433333 4.466667 4.500000 4.533333 4.566667 4.600000 4.633333 4.666667 4.700000 4.733333 4.766667
4.800000 4.833333 4.866667</float_array>
        <technique_common>
          <accessor source="#mixamorig_Spine-Matrix-animation-input-array" count="147">
            <param name="TIME" type="float"/>
          </accessor>
        </technique_common>
      </source>
      <source id="mixamorig_Spine-Matrix-animation-output-transform">
        <float_array id="mixamorig_Spine-Matrix-animation-output-transform-array" count="2352">

0.999607 -0.025575 -0.011497 -0.023000 0.025108 0.998921 -0.039077 13.157000 0.012484 0.038773 0.999170 0.957400 0.000000 0.000000 0.000000 1.000000
0.999597 -0.026159 -0.011069 -0.023000 0.025711 0.998917 -0.038782 13.157000 0.012071 0.038482 0.999186 0.957400 0.000000 0.000000 0.000000 1.000000
0.999582 -0.026754 -0.010921 -0.023000 0.026316 0.998912 -0.038508 13.157000 0.011939 0.038204 0.999199 0.957400 0.000000 0.000000 0.000000 1.000000
0.999564 -0.027391 -0.011068 -0.023000 0.026949 0.998904 -0.038264 13.157000 0.012103 0.037949 0.999206 0.957400 0.000000 0.000000 0.000000 1.000000
0.999541 -0.028100 -0.011293 -0.023000 0.027653 0.998894 -0.038016 13.157000 0.012349 0.037686 0.999213 0.957400 0.000000 0.000000 0.000000 1.000000
0.999517 -0.028833 -0.011610 -0.023000 0.028375 0.998883 -0.037793 13.157000 0.012687 0.037446 0.999218 0.957400 0.000000 0.000000 0.000000 1.000000
0.999494 -0.029426 -0.012115 -0.023000 0.028952 0.998872 -0.037635 13.157000 0.013208 0.037265 0.999218 0.957400 0.000000 0.000000 0.000000 1.000000
0.999478 -0.029726 -0.012629 -0.023000 0.029235 0.998870 -0.037474 13.157000 0.013728 0.037085 0.999218 0.957400 0.000000 0.000000 0.000000 1.000000
0.999473 -0.029786 -0.012872 -0.023000 0.029289 0.998878 -0.037215 13.157000 0.013967 0.036818 0.999224 0.957400 0.000000 0.000000 0.000000 1.000000
0.999473 -0.029848 -0.012774 -0.023000 0.029360 0.998890 -0.036828 13.157000 0.013860 0.036434 0.999240 0.957400 0.000000 0.000000 0.000000 1.000000
0.999472 -0.030013 -0.012459 -0.023000 0.029543 0.998902 -0.036348 13.157000 0.013536 0.035961 0.999262 0.957400 0.000000 0.000000 0.000000 1.000000
0.999474 -0.030095 -0.012102 -0.023000 0.029644 0.998917 -0.035849 13.157000 0.013168 0.035471 0.999284 0.957400 0.000000 0.000000 0.000000 1.000000
0.999485 -0.029861 -0.011760 -0.023000 0.029427 0.998937 -0.035494 13.157000 0.012808 0.035129 0.999301 0.957400 0.000000 0.000000 0.000000 1.000000
0.999502 -0.029397 -0.011503 -0.023000 0.028973 0.998951 -0.035469 13.157000 0.012534 0.035118 0.999305 0.957400 0.000000 0.000000 0.000000 1.000000
0.999511 -0.029084 -0.011475 -0.023000 0.028655 0.998945 -0.035879 13.157000 0.012507 0.035533 0.999290 0.957400 0.000000 0.000000 0.000000 1.000000
0.999508 -0.029073 -0.011761 -0.023000 0.028627 0.998923 -0.036525 13.157000 0.012810 0.036171 0.999264 0.957400 0.000000 0.000000 0.000000 1.000000
0.999500 -0.029160 -0.012189 -0.023000 0.028691 0.998902 -0.037040 13.157000 0.013256 0.036672 0.999239 0.957400 0.000000 0.000000 0.000000 1.000000
0.999497 -0.029150 -0.012506 -0.023000 0.028666 0.998896 -0.037225 13.157000 0.013578 0.036848 0.999229 0.957400 0.000000 0.000000 0.000000 1.000000
0.999501 -0.028981 -0.012591 -0.023000 0.028494 0.998897 -0.037310 13.157000 0.013659 0.036933 0.999224 0.957400 0.000000 0.000000 0.000000 1.000000
0.999511 -0.028679 -0.012484 -0.023000 0.028191 0.998893 -0.037666 13.157000 0.013551 0.037296 0.999212 0.957400 0.000000 0.000000 0.000000 1.000000
0.999530 -0.028132 -0.012205 -0.023000 0.027646 0.998885 -0.038267 13.157000 0.013268 0.037911 0.999193 0.957400 0.000000 0.000000 0.000000 1.000000
0.999556 -0.027396 -0.011753 -0.023000 0.026924 0.998892 -0.038610 13.157000 0.012797 0.038276 0.999185 0.957400 0.000000 0.000000 0.000000 1.000000
0.999580 -0.026694 -0.011241 -0.023000 0.026245 0.998919 -0.038377 13.157000 0.012253 0.038066 0.999200 0.957400 0.000000 0.000000 0.000000 1.000000
0.999602 -0.026082 -0.010767 -0.023000 0.025655 0.998947 -0.038030 13.157000 0.011748 0.037739 0.999219 0.957400 0.000000 0.000000 0.000000 1.000000
0.999625 -0.025342 -0.010367 -0.023000 0.024930 0.998965 -0.038048 13.157000 0.011321 0.037775 0.999222 0.957400 0.000000 0.000000 0.000000 1.000000
0.999650 -0.024454 -0.010051 -0.023000 0.024050 0.998970 -0.038485 13.157000 0.010981 0.038230 0.999209 0.957400 0.000000 0.000000 0.000000 1.000000
0.999676 -0.023464 -0.009821 -0.023000 0.023062 0.998965 -0.039216 13.157000 0.010731 0.038977 0.999182 0.957400 0.000000 0.000000 0.000000 1.000000
0.999700 -0.022481 -0.009709 -0.023000 0.022076 0.998958 -0.039948 13.157000 0.010597 0.039721 0.999155 0.957400 0.000000 0.000000 0.000000 1.000000
0.999719 -0.021638 -0.009720 -0.023000 0.021228 0.998955 -0.040470 13.157000 0.010585 0.040253 0.999133 0.957400 0.000000 0.000000 0.000000 1.000000
0.999732 -0.020989 -0.009810 -0.023000 0.020573 0.998957 -0.040768 13.157000 0.010655 0.040555 0.999120 0.957400 0.000000 0.000000 0.000000 1.000000
0.999739 -0.020572 -0.009926 -0.023000 0.020149 0.998958 -0.040945 13.157000 0.010758 0.040734 0.999112 0.957400 0.000000 0.000000 0.000000 1.000000
0.999742 -0.020390 -0.010055 -0.023000 0.019961 0.998956 -0.041095 13.157000 0.010883 0.040883 0.999105 0.957400 0.000000 0.000000 0.000000 1.000000
0.999741 -0.020352 -0.010228 -0.023000 0.019914 0.998952 -0.041212 13.157000 0.011056 0.040998 0.999098 0.957400 0.000000 0.000000 0.000000 1.000000
0.999739 -0.020335 -0.010454 -0.023000 0.019887 0.998951 -0.041240 13.157000 0.011281 0.041021 0.999095 0.957400 0.000000 0.000000 0.000000 1.000000
0.999737 -0.020288 -0.010671 -0.023000 0.019833 0.998956 -0.041146 13.157000 0.011494 0.040924 0.999096 0.957400 0.000000 0.000000 0.000000 1.000000
0.999736 -0.020289 -0.010772 -0.023000 0.019832 0.998963 -0.040974 13.157000 0.011592 0.040749 0.999102 0.957400 0.000000 0.000000 0.000000 1.000000
0.999734 -0.020457 -0.010695 -0.023000 0.020005 0.998967 -0.040809 13.157000 0.011519 0.040584 0.999110 0.957400 0.000000 0.000000 0.000000 1.000000
0.999728 -0.020812 -0.010490 -0.023000 0.020368 0.998963 -0.040714 13.157000 0.011326 0.040489 0.999116 0.957400 0.000000 0.000000 0.000000 1.000000
0.999722 -0.021196 -0.010303 -0.023000 0.020760 0.998956 -0.040685 13.157000 0.011154 0.040460 0.999119 0.957400 0.000000 0.000000 0.000000 1.000000
0.999717 -0.021474 -0.010273 -0.023000 0.021040 0.998951 -0.040683 13.157000 0.011136 0.040455 0.999119 0.957400 0.000000 0.000000 0.000000 1.000000
0.999709 -0.021706 -0.010479 -0.023000 0.021263 0.998947 -0.040664 13.157000 0.011350 0.040429 0.999118 0.957400 0.000000 0.000000 0.000000 1.000000
0.999697 -0.022058 -0.010925 -0.023000 0.021598 0.998942 -0.040592 13.157000 0.011809 0.040344 0.999116 0.957400 0.000000 0.000000 0.000000 1.000000
0.999677 -0.022621 -0.011544 -0.023000 0.022137 0.998936 -0.040463 13.157000 0.012447 0.040194 0.999114 0.957400 0.000000 0.000000 0.000000 1.000000
0.999655 -0.023273 -0.012214 -0.023000 0.022764 0.998929 -0.040286 13.157000 0.013139 0.039994 0.999114 0.957400 0.000000 0.000000 0.000000 1.000000
0.999633 -0.023842 -0.012828 -0.023000 0.023311 0.998925 -0.040068 13.157000 0.013770 0.039755 0.999115 0.957400 0.000000 0.000000 0.000000 1.000000
0.999617 -0.024257 -0.013308 -0.023000 0.023710 0.998925 -0.039831 13.157000 0.014260 0.039500 0.999118 0.957400 0.000000 0.000000 0.000000 1.000000
0.999604 -0.024608 -0.013672 -0.023000 0.024050 0.998927 -0.039573 13.157000 0.014632 0.039229 0.999123 0.957400 0.000000 0.000000 0.000000 1.000000
0.999590 -0.025002 -0.013975 -0.023000 0.024436 0.998929 -0.039285 13.157000 0.014943 0.038927 0.999130 0.957400 0.000000 0.000000 0.000000 1.000000
0.999574 -0.025469 -0.014245 -0.023000 0.024897 0.998931 -0.038958 13.157000 0.015222 0.038587 0.999139 0.957400 0.000000 0.000000 0.000000 1.000000
0.999558 -0.025979 -0.014463 -0.023000 0.025404 0.998932 -0.038601 13.157000 0.015450 0.038216 0.999150 0.957400 0.000000 0.000000 0.000000 1.000000
0.999542 -0.026501 -0.014579 -0.023000 0.025927 0.998933 -0.038226 13.157000 0.015576 0.037831 0.999163 0.957400 0.000000 0.000000 0.000000 1.000000
0.999529 -0.027004 -0.014597 -0.023000 0.026435 0.998933 -0.037869 13.157000 0.015604 0.037465 0.999176 0.957400 0.000000 0.000000 0.000000 1.000000
0.999517 -0.027435 -0.014600 -0.023000 0.026870 0.998933 -0.037558 13.157000 0.015615 0.037148 0.999188 0.957400 0.000000 0.000000 0.000000 1.000000
0.999507 -0.027724 -0.014705 -0.023000 0.027159 0.998935 -0.037302 13.157000 0.015724 0.036884 0.999196 0.957400 0.000000 0.000000 0.000000 1.000000
0.999500 -0.027864 -0.014940 -0.023000 0.027294 0.998939 -0.037080 13.157000 0.015958 0.036654 0.999201 0.957400 0.000000 0.000000 0.000000 1.000000
0.999493 -0.027955 -0.015208 -0.023000 0.027379 0.998946 -0.036851 13.157000 0.016223 0.036416 0.999205 0.957400 0.000000 0.000000 0.000000 1.000000
0.999487 -0.028131 -0.015322 -0.023000 0.027555 0.998950 -0.036592 13.157000 0.016336 0.036151 0.999213 0.957400 0.000000 0.000000 0.000000 1.000000
0.999482 -0.028408 -0.015151 -0.023000 0.027842 0.998952 -0.036335 13.157000 0.016167 0.035895 0.999225 0.957400 0.000000 0.000000 0.000000 1.000000
0.999481 -0.028648 -0.014720 -0.023000 0.028100 0.998951 -0.036154 13.157000 0.015740 0.035722 0.999238 0.957400 0.000000 0.000000 0.000000 1.000000
0.999487 -0.028711 -0.014216 -0.023000 0.028182 0.998950 -0.036125 13.157000 0.015239 0.035705 0.999246 0.957400 0.000000 0.000000 0.000000 1.000000
0.999494 -0.028599 -0.013925 -0.023000 0.028077 0.998946 -0.036306 13.157000 0.014948 0.035897 0.999244 0.957400 0.000000 0.000000 0.000000 1.000000
0.999498 -0.028422 -0.014028 -0.023000 0.027891 0.998938 -0.036675 13.157000 0.015055 0.036266 0.999229 0.957400 0.000000 0.000000 0.000000 1.000000
0.999497 -0.028225 -0.014490 -0.023000 0.027670 0.998926 -0.037155 13.157000 0.015523 0.036735 0.999204 0.957400 0.000000 0.000000 0.000000 1.000000
0.999497 -0.027918 -0.015057 -0.023000 0.027335 0.998918 -0.037636 13.157000 0.016092 0.037205 0.999178 0.957400 0.000000 0.000000 0.000000 1.000000
0.999506 -0.027390 -0.015389 -0.023000 0.026788 0.998917 -0.038051 13.157000 0.016415 0.037620 0.999157 0.957400 0.000000 0.000000 0.000000 1.000000
0.999526 -0.026686 -0.015334 -0.023000 0.026081 0.998922 -0.038394 13.157000 0.016342 0.037976 0.999145 0.957400 0.000000 0.000000 0.000000 1.000000
0.999551 -0.025973 -0.014968 -0.023000 0.025377 0.998929 -0.038700 13.157000 0.015957 0.038303 0.999139 0.957400 0.000000 0.000000 0.000000 1.000000
0.999572 -0.025410 -0.014476 -0.023000 0.024829 0.998931 -0.038983 13.157000 0.015452 0.038607 0.999135 0.957400 0.000000 0.000000 0.000000 1.000000
0.999589 -0.025023 -0.013976 -0.023000 0.024458 0.998931 -0.039227 13.157000 0.014942 0.038869 0.999133 0.957400 0.000000 0.000000 0.000000 1.000000
0.999603 -0.024750 -0.013473 -0.023000 0.024202 0.998931 -0.039372 13.157000 0.014434 0.039030 0.999134 0.957400 0.000000 0.000000 0.000000 1.000000
0.999616 -0.024527 -0.012923 -0.023000 0.024001 0.998935 -0.039399 13.157000 0.013876 0.039074 0.999140 0.957400 0.000000 0.000000 0.000000 1.000000
0.999631 -0.024255 -0.012241 -0.023000 0.023757 0.998944 -0.039314 13.157000 0.013182 0.039009 0.999152 0.957400 0.000000 0.000000 0.000000 1.000000
0.999647 -0.023990 -0.011424 -0.023000 0.023526 0.998957 -0.039123 13.157000 0.012351 0.038841 0.999169 0.957400 0.000000 0.000000 0.000000 1.000000
0.999661 -0.023831 -0.010527 -0.023000 0.023405 0.998970 -0.038881 13.157000 0.011442 0.038621 0.999188 0.957400 0.000000 0.000000 0.000000 1.000000
0.999671 -0.023796 -0.009624 -0.023000 0.023407 0.998978 -0.038668 13.157000 0.010535 0.038430 0.999206 0.957400 0.000000 0.000000 0.000000 1.000000
0.999676 -0.023878 -0.008792 -0.023000 0.023522 0.998980 -0.038550 13.157000 0.009704 0.038331 0.999218 0.957400 0.000000 0.000000 0.000000 1.000000
0.999679 -0.024003 -0.008061 -0.023000 0.023676 0.998978 -0.038504 13.157000 0.008977 0.038300 0.999226 0.957400 0.000000 0.000000 0.000000 1.000000
