<?xml version="1.0" encoding="utf-8"?>
<COLLADA xmlns="http://www.collada.org/2005/11/COLLADASchema" version="1.4.1">
  <asset>
    <contributor>
      <author>Mixamo</author>
      <authoring_tool>COLLADA Mixamo exporter</authoring_tool>
      <comments/>
    </contributor>
    <created>2023-06-05T12:41:56Z</created>
    <modified>2023-06-05T12:41:56Z</modified>
    <revision/>
    <title/>
    <unit meter="0.010000"/>
    <up_axis>Y_UP</up_axis>
  </asset>
  <library_animations>
    <animation id="mixamorig_Hips-anim" name="mixamorig_Hips">
      <source id="mixamorig_Hips-Matrix-animation-input">
        <float_array id="mixamorig_Hips-Matrix-animation-input-array" count="28">

0.000000 0.033333 0.066667 0.100000 0.133333 0.166667 0.200000 0.233333 0.266667 0.300000 0.333333 0.366667 0.400000 0.433333 0.466667 0.500000
0.533333 0.566667 0.600000 0.633333 0.666667 0.700000 0.733333 0.766667 0.800000 0.833333 0.866667 0.900000</float_array>
        <technique_common>
          <accessor source="#mixamorig_Hips-Matrix-animation-input-array" count="28">
            <param name="TIME" type="float"/>
          </accessor>
        </technique_common>
      </source>
      <source id="mixamorig_Hips-Matrix-animation-output-transform">
        <float_array id="mixamorig_Hips-Matrix-animation-output-transform-array" count="448">

0.945794 -0.004759 -0.324733 0.745265 -0.061183 0.979378 -0.192550 97.560196 0.318953 0.201981 0.925998 -2.046685 0.000000 0.000000 0.000000 1.000000
0.949900 -0.001838 -0.312549 0.123724 -0.063998 0.977651 -0.200255 98.570732 0.305932 0.210224 0.928553 -2.343755 0.000000 0.000000 0.000000 1.000000
0.947994 -0.006332 -0.318226 -0.908608 -0.057494 0.979949 -0.190774 99.376572 0.313053 0.199149 0.928621 -2.923679 0.000000 0.000000 0.000000 1.000000
0.924106 -0.030249 -0.380937 -2.260568 -0.025529 0.989748 -0.140522 99.387024 0.381282 0.139582 0.913860 -2.992222 0.000000 0.000000 0.000000 1.000000
0.866767 -0.058401 -0.495283 -3.235711 0.030339 0.997455 -0.064520 98.402176 0.497790 0.040898 0.866333 -1.518609 0.000000 0.000000 0.000000 1.000000
0.724317 -0.073541 -0.685534 -4.501227 0.079190 0.996589 -0.023239 97.415771 0.684904 -0.037455 0.727670 1.601764 0.000000 0.000000 0.000000 1.000000
0.643550 -0.135750 -0.753270 -4.590353 0.141209 0.988310 -0.057467 97.518066 0.752266 -0.069386 0.655196 5.394922 0.000000 0.000000 0.000000 1.000000
0.578453 -0.175392 -0.796636 -4.597824 0.193994 0.978170 -0.074496 97.219406 0.792312 -0.111450 0.599851 8.352582 0.000000 0.000000 0.000000 1.000000
0.547576 -0.209561 -0.810089 -4.322203 0.228883 0.968720 -0.095884 96.955742 0.804843 -0.132912 0.578413 10.214764 0.000000 0.000000 0.000000 1.000000
0.537618 -0.226026 -0.812329 -3.750745 0.226961 0.966637 -0.118754 96.757126 0.812069 -0.120523 0.570980 11.127563 0.000000 0.000000 0.000000 1.000000
0.570409 -0.229174 -0.788742 -2.659040 0.205250 0.969591 -0.133286 96.923103 0.795303 -0.085862 0.600101 11.768963 0.000000 0.000000 0.000000 1.000000
0.705553 -0.195345 -0.681202 -1.938066 0.163816 0.980180 -0.111410 97.518272 0.689463 -0.032986 0.723569 11.982350 0.000000 0.000000 0.000000 1.000000
0.904153 -0.122505 -0.409269 -1.799251 0.103584 0.992281 -0.068179 98.991501 0.414462 0.019251 0.909863 11.974294 0.000000 0.000000 0.000000 1.000000
0.998280 -0.058019 -0.008416 -2.336947 0.057222 0.995511 -0.075391 101.070831 0.012752 0.074780 0.997119 10.440636 0.000000 0.000000 0.000000 1.000000
0.961944 0.015603 0.272799 -1.847368 0.016268 0.993327 -0.114178 101.345200 -0.272760 0.114271 0.955272 6.952288 0.000000 0.000000 0.000000 1.000000
0.924264 0.091630 0.370595 -2.024226 -0.015485 0.978967 -0.203431 100.232285 -0.381440 0.182285 0.906242 4.062881 0.000000 0.000000 0.000000 1.000000
0.903615 0.108561 0.414360 -3.630370 0.025319 0.952122 -0.304667 98.832130 -0.427596 0.285793 0.857604 3.664336 0.000000 0.000000 0.000000 1.000000
0.853188 0.152567 0.498792 -5.241465 0.028376 0.941275 -0.336448 95.071815 -0.520831 0.301207 0.798755 4.290025 0.000000 0.000000 0.000000 1.000000
0.827239 0.226743 0.514065 -6.569388 -0.005140 0.917966 -0.396625 91.464905 -0.561826 0.325461 0.760543 5.074161 0.000000 0.000000 0.000000 1.000000
0.835720 0.257768 0.484900 -7.321139 -0.027960 0.901818 -0.431210 89.355507 -0.548444 0.346813 0.760874 4.971235 0.000000 0.000000 0.000000 1.000000
0.878319 0.217241 0.425866 -7.135602 -0.025189 0.910585 -0.412553 89.974411 -0.477411 0.351626 0.805256 3.926252 0.000000 0.000000 0.000000 1.000000
0.931695 0.167783 0.322169 -7.022608 -0.040170 0.929081 -0.367689 90.975273 -0.361014 0.329633 0.872360 1.659368 0.000000 0.000000 0.000000 1.000000
0.974200 0.128214 0.185731 -7.181149 -0.068926 0.952664 -0.296108 92.347061 -0.214904 0.275666 0.936923 -0.836649 0.000000 0.000000 0.000000 1.000000
0.996451 0.082401 0.017171 -7.294684 -0.075979 0.968346 -0.237766 94.528564 -0.036219 0.235618 0.971171 -2.988343 0.000000 0.000000 0.000000 1.000000
0.988041 0.052324 -0.145043 -8.217493 -0.079085 0.979477 -0.185392 96.749611 0.132365 0.194646 0.971901 -4.849502 0.000000 0.000000 0.000000 1.000000
0.961242 0.021460 -0.274868 -9.285536 -0.060898 0.988868 -0.135761 98.624298 0.268895 0.147238 0.951849 -6.198967 0.000000 0.000000 0.000000 1.000000
0.930836 -0.013992 -0.365170 -9.837482 -0.026357 0.994094 -0.105276 99.726189 0.364486 0.107620 0.924969 -6.660386 0.000000 0.000000 0.000000 1.000000
0.898694 -0.043097 -0.436454 -9.815775 0.004967 0.996096 -0.088132 100.051315 0.438549 0.077036 0.895400 -6.363301 0.000000 0.000000 0.000000 1.000000</float_array>
        <technique_common>
          <accessor source="#mixamorig_Hips-Matrix-animation-output-transform-array" count="28" stride="16">
            <param type="float4x4"/>
          </accessor>
        </technique_common>
      </source>
      <source id="mixamorig_Hips-Interpolations">
        <Name_array id="mixamorig_Hips-Interpolations-array" count="28">
 LINEAR LINEAR LINEAR LINEAR LINEAR LINEAR LINEAR LINEAR LINEAR LINEAR LINEAR
LINEAR LINEAR LINEAR LINEAR LINEAR LINEAR LINEAR LINEAR LINEAR LINEAR LINEAR LINEAR
LINEAR LINEAR LINEAR LINEAR LINEAR</Name_array>
        <technique_common>
          <accessor source="#mixamorig_Hips-Interpolations-array" count="28">
            <param type="name"/>
          </accessor>
        </technique_common>
      </source>
      <sampler id="mixamorig_Hips-Matrix-animation-transform">
        <input semantic="INPUT" source="#mixamorig_Hips-Matrix-animation-input"/>
        <input semantic="OUTPUT" source="#mixamorig_Hips-Matrix-animation-output-transform"/>
        <input semantic="INTERPOLATION" source="#mixamorig_Hips-Interpolations"/>
      </sampler>
      <channel source="#mixamorig_Hips-Matrix-animation-transform" target="mixamorig_Hips/matrix"/>
    </animation>
    <animation id="mixamorig_Spine-anim" name="mixamorig_Spine">
      <source id="mixamorig_Spine-Matrix-animation-input">
        <float_array id="mixamorig_Spine-Matrix-animation-input-array" count="28">

0.000000 0.033333 0.066667 0.100000 0.133333 0.166667 0.200000 0.233333 0.266667 0.300000 0.333333 0.366667 0.400000 0.433333 0.466667 0.500000
0.533333 0.566667 0.600000 0.633333 0.666667 0.700000 0.733333 0.766667 0.800000 0.833333 0.866667 0.900000</float_array>
        <technique_common>
          <accessor source="#mixamorig_Spine-Matrix-animation-input-array" count="28">
            <param name="TIME" type="float"/>
          </accessor>
        </technique_common>
      </source>
      <source id="mixamorig_Spine-Matrix-animation-output-transform">
        <float_array id="mixamorig_Spine-Matrix-animation-output-transform-array" count="448">

0.999403 -0.033234 -0.009462 -0.023000 0.032731 0.998255 -0.049150 13.157000 0.011079 0.048811 0.998747 0.957400 0.000000 0.000000 0.000000 1.000000
0.999560 -0.029541 0.002812 -0.023000 0.029634 0.998638 -0.042950 13.157000 -0.001539 0.043014 0.999073 0.957400 0.000000 0.000000 0.000000 1.000000
0.999183 -0.035550 0.019249 -0.023000 0.036117 0.998898 -0.029985 13.157000 -0.018162 0.030656 0.999365 0.957400 0.000000 0.000000 0.000000 1.000000
0.998432 -0.053758 0.015594 -0.023000 0.053709 0.998550 0.003553 13.157000 -0.015762 -0.002709 0.999872 0.957400 0.000000 0.000000 0.000000 1.000000
0.997711 -0.066214 -0.013694 -0.023000 0.066768 0.996754 0.044981 13.157000 0.010672 -0.045792 0.998894 0.957400 0.000000 0.000000 0.000000 1.000000
0.991786 -0.096079 -0.084440 -0.023000 0.104170 0.989788 0.097302 13.157000 0.074229 -0.105298 0.991666 0.957400 0.000000 0.000000 0.000000 1.000000
0.982293 -0.124349 -0.140138 -0.023000 0.141788 0.982324 0.122213 13.157000 0.122464 -0.139919 0.982561 0.957400 0.000000 0.000000 0.000000 1.000000
0.974018 -0.139733 -0.178223 -0.023000 0.162271 0.979566 0.118821 13.157000 0.157978 -0.144654 0.976790 0.957400 0.000000 0.000000 0.000000 1.000000
0.964141 -0.158180 -0.213099 -0.023000 0.183249 0.977611 0.103426 13.157000 0.191968 -0.138767 0.971541 0.957400 0.000000 0.000000 0.000000 1.000000
0.959324 -0.156899 -0.234690 -0.023000 0.183620 0.978241 0.096579 13.157000 0.214430 -0.135744 0.967261 0.957400 0.000000 0.000000 0.000000 1.000000
0.959314 -0.157760 -0.234153 -0.023000 0.184520 0.978028 0.097027 13.157000 0.213701 -0.136285 0.967346 0.957400 0.000000 0.000000 0.000000 1.000000
0.962450 -0.147540 -0.227865 -0.023000 0.176484 0.977881 0.112262 13.157000 0.206262 -0.148262 0.967199 0.957400 0.000000 0.000000 0.000000 1.000000
0.974359 -0.118488 -0.191273 -0.023000 0.145101 0.980613 0.131696 13.157000 0.171960 -0.156073 0.972662 0.957400 0.000000 0.000000 0.000000 1.000000
0.995850 -0.053862 -0.073365 -0.023000 0.063339 0.989001 0.133664 13.157000 0.065358 -0.137756 0.988307 0.957400 0.000000 0.000000 0.000000 1.000000
0.996882 -0.048592 0.062165 -0.023000 0.043192 0.995406 0.085450 13.157000 -0.066031 -0.082498 0.994401 0.957400 0.000000 0.000000 0.000000 1.000000
0.981890 -0.112182 0.152668 -0.023000 0.103099 0.992466 0.066189 13.157000 -0.158943 -0.049251 0.986059 0.957400 0.000000 0.000000 0.000000 1.000000
0.972688 -0.107099 0.205930 -0.023000 0.103734 0.994236 0.027102 13.157000 -0.207646 -0.005000 0.978191 0.957400 0.000000 0.000000 0.000000 1.000000
0.953227 -0.122385 0.276370 -0.023000 0.132615 0.990994 -0.018558 13.157000 -0.271609 0.054340 0.960872 0.957400 0.000000 0.000000 0.000000 1.000000
0.974648 -0.092340 0.203799 -0.023000 0.116029 0.987410 -0.107510 13.157000 -0.191305 0.128431 0.973092 0.957400 0.000000 0.000000 0.000000 1.000000
0.994236 -0.041089 0.099030 -0.023000 0.058654 0.981625 -0.181581 13.157000 -0.089749 0.186343 0.978377 0.957400 0.000000 0.000000 0.000000 1.000000
0.999823 0.005313 0.018038 -0.023000 -0.001580 0.979601 -0.200946 13.157000 -0.018737 0.200882 0.979436 0.957400 0.000000 0.000000 0.000000 1.000000
0.999892 0.014701 0.000159 -0.023000 -0.014487 0.987051 -0.159748 13.157000 -0.002505 0.159729 0.987158 0.957400 0.000000 0.000000 0.000000 1.000000
0.999932 -0.000343 0.011650 -0.023000 0.001694 0.993237 -0.116093 13.157000 -0.011532 0.116105 0.993170 0.957400 0.000000 0.000000 0.000000 1.000000
0.999631 -0.008321 0.025851 -0.023000 0.010372 0.996721 -0.080253 13.157000 -0.025098 0.080492 0.996439 0.957400 0.000000 0.000000 0.000000 1.000000
0.999442 -0.030612 -0.013374 -0.023000 0.029824 0.998009 -0.055573 13.157000 0.015049 0.055143 0.998365 0.957400 0.000000 0.000000 0.000000 1.000000
0.998056 -0.038292 -0.049180 -0.023000 0.036150 0.998389 -0.043733 13.157000 0.050775 0.041870 0.997832 0.957400 0.000000 0.000000 0.000000 1.000000
0.996481 -0.045870 -0.070150 -0.023000 0.043617 0.998492 -0.033330 13.157000 0.071573 0.030153 0.996979 0.957400 0.000000 0.000000 0.000000 1.000000
0.994678 -0.062541 -0.081878 -0.023000 0.060911 0.997895 -0.022252 13.157000 0.083098 0.017146 0.996394 0.957400 0.000000 0.000000 0.000000 1.000000</float_array>
        <technique_common>
          <accessor source="#mixamorig_Spine-Matrix-animation-output-transform-array" count="28" stride="16">
            <param type="float4x4"/>
          </accessor>
        </technique_common>
      </source>
      <source id="mixamorig_Spine-Interpolations">
        <Name_array id="mixamorig_Spine-Interpolations-array" count="28">
 LINEAR LINEAR LINEAR LINEAR LINEAR LINEAR LINEAR LINEAR LINEAR LINEAR LINEAR
LINEAR LINEAR LINEAR LINEAR LINEAR LINEAR LINEAR LINEAR LINEAR LINEAR LINEAR LINEAR
LINEAR LINEAR LINEAR LINEAR LINEAR</Name_array>
        <technique_common>
          <accessor source="#mixamorig_Spine-Interpolations-array" count="28">
            <param type="name"/>
          </accessor>
        </technique_common>
      </source>
      <sampler id="mixamorig_Spine-Matrix-animation-transform">
        <input semantic="INPUT" source="#mixamorig_Spine-Matrix-animation-input"/>
        <input semantic="OUTPUT" source="#mixamorig_Spine-Matrix-animation-output-transform"/>
        <input semantic="INTERPOLATION" source="#mixamorig_Spine-Interpolations"/>
      </sampler>
      <channel source="#mixamorig_Spine-Matrix-animation-transform" target="mixamorig_Spine/matrix"/>
    </animation>
    <animation id="mixamorig_Spine1-anim" name="mixamorig_Spine1">
      <source id="mixamorig_Spine1-Matrix-animation-input">
        <float_array id="mixamorig_Spine1-Matrix-animation-input-array" count="28">

0.000000 0.033333 0.066667 0.100000 0.133333 0.166667 0.200000 0.233333 0.266667 0.300000 0.333333 0.366667 0.400000 0.433333 0.466667 0.500000
0.533333 0.566667 0.600000 0.633333 0.666667 0.700000 0.733333 0.766667 0.800000 0.833333 0.866667 0.900000</float_array>
        <technique_common>
          <accessor source="#mixamorig_Spine1-Matrix-animation-input-array" count="28">
            <param name="TIME" type="float"/>
          </accessor>
        </technique_common>
      </source>
      <source id="mixamorig_Spine1-Matrix-animation-output-transform">
        <float_array id="mixamorig_Spine1-Matrix-animation-output-transform-array" count="448">

0.999458 -0.025664 -0.020616 -0.000000 0.023077 0.992842 -0.117187 9.894900 0.023476 0.116648 0.992896 0.000000 0.000000 0.000000 0.000000 1.000000
0.999693 -0.021912 -0.011556 0.000000 0.020492 0.993579 -0.111265 9.894900 0.013920 0.110994 0.993724 -0.000000 0.000000 0.000000 0.000000 1.000000
0.999753 -0.022220 0.000139 0.000000 0.022123 0.994764 -0.099779 9.894900 0.002079 0.099758 0.995010 -0.000000 0.000000 0.000000 0.000000 1.000000
0.999413 -0.034200 -0.002029 0.000000 0.033954 0.996643 -0.074493 9.894900 0.004570 0.074380 0.997219 0.000000 0.000000 0.000000 0.000000 1.000000
0.998507 -0.049896 -0.022217 0.000000 0.048813 0.997707 -0.046885 9.894900 0.024506 0.045731 0.998653 0.000000 0.000000 0.000000 0.000000 1.000000
0.993784 -0.083782 -0.073306 0.000000 0.083135 0.996468 -0.011835 9.894900 0.074038 0.005668 0.997239 0.000000 0.000000 0.000000 0.000000 1.000000
0.987881 -0.105937 -0.113436 -0.000000 0.107968 0.994083 0.011892 9.894900 0.111505 -0.023995 0.993474 0.000000 0.000000 0.000000 0.000000 1.000000
0.982908 -0.119024 -0.140446 0.000000 0.121856 0.992479 0.011711 9.894900 0.137996 -0.028625 0.990019 0.000000 0.000000 0.000000 0.000000 1.000000
0.977399 -0.131531 -0.165500 0.000000 0.134154 0.990949 0.004725 9.894900 0.163380 -0.026821 0.986199 -0.000000 0.000000 0.000000 0.000000 1.000000
0.974109 -0.134601 -0.181645 0.000000 0.136930 0.990581 0.000284 9.894900 0.179895 -0.025150 0.983364 0.000000 0.000000 0.000000 0.000000 1.000000
0.973552 -0.139154 -0.181200 0.000000 0.141489 0.989940 -0.000039 9.894900 0.179382 -0.025599 0.983446 0.000000 0.000000 0.000000 0.000000 1.000000
0.974597 -0.134698 -0.178931 0.000000 0.138864 0.990251 0.010910 9.894900 0.175717 -0.035480 0.983801 -0.000000 0.000000 0.000000 0.000000 1.000000
0.982004 -0.105437 -0.156690 0.000000 0.110507 0.993586 0.023980 9.894900 0.153157 -0.040864 0.987357 0.000000 0.000000 0.000000 0.000000 1.000000
0.995987 -0.051772 -0.073001 0.000000 0.053051 0.998469 0.015686 9.894900 0.072077 -0.019496 0.997209 0.000000 0.000000 0.000000 0.000000 1.000000
0.998501 -0.044173 0.032305 -0.000000 0.044947 0.998710 -0.023635 9.894900 -0.031220 0.025052 0.999199 0.000000 0.000000 0.000000 0.000000 1.000000
0.991797 -0.073849 0.104333 -0.000000 0.077247 0.996593 -0.028907 9.894900 -0.101843 0.036730 0.994122 0.000000 0.000000 0.000000 0.000000 1.000000
0.988644 -0.053213 0.140538 0.000000 0.062151 0.996262 -0.059990 9.894900 -0.136820 0.068043 0.988256 0.000000 0.000000 0.000000 0.000000 1.000000
0.979915 -0.055778 0.191455 0.000000 0.077550 0.991103 -0.108173 9.894900 -0.183718 0.120848 0.975522 0.000000 0.000000 0.000000 0.000000 1.000000
0.990606 -0.035478 0.132066 0.000000 0.058146 0.983385 -0.171967 9.894900 -0.123771 0.178030 0.976210 -0.000000 0.000000 0.000000 0.000000 1.000000
0.998691 -0.002493 0.051097 0.000000 0.013792 0.974953 -0.221981 9.894900 -0.049264 0.222395 0.973711 -0.000000 0.000000 0.000000 0.000000 1.000000
0.999663 0.024885 -0.007385 0.000000 -0.025931 0.970349 -0.240313 9.894900 0.001186 0.240423 0.970667 0.000000 0.000000 0.000000 0.000000 1.000000
0.999507 0.024958 -0.019064 -0.000000 -0.028453 0.976588 -0.213226 9.894900 0.013296 0.213663 0.976817 -0.000000 0.000000 0.000000 0.000000 1.000000
0.999882 0.010365 -0.011321 0.000000 -0.012247 0.983326 -0.181438 9.894900 0.009252 0.181555 0.983337 -0.000000 0.000000 0.000000 0.000000 1.000000
0.999999 -0.000180 0.001249 -0.000000 0.000366 0.988620 -0.150431 9.894900 -0.001208 0.150431 0.988620 0.000000 0.000000 0.000000 0.000000 1.000000
0.999451 -0.018823 -0.027275 -0.000000 0.015084 0.991226 -0.131317 9.894900 0.029507 0.130833 0.990965 -0.000000 0.000000 0.000000 0.000000 1.000000
0.998203 -0.029692 -0.052057 0.000000 0.023182 0.992325 -0.121463 9.894900 0.055264 0.120038 0.991230 0.000000 0.000000 0.000000 0.000000 1.000000
0.997024 -0.040117 -0.065837 0.000000 0.032557 0.993159 -0.112138 9.894900 0.069885 0.109661 0.991509 0.000000 0.000000 0.000000 0.000000 1.000000
0.995927 -0.051921 -0.073710 0.000000 0.044298 0.993845 -0.101535 9.894900 0.078529 0.097856 0.992097 0.000000 0.000000 0.000000 0.000000 1.000000</float_array>
        <technique_common>
          <accessor source="#mixamorig_Spine1-Matrix-animation-output-transform-array" count="28" stride="16">
            <param type="float4x4"/>
          </accessor>
        </technique_common>
      </source>
      <source id="mixamorig_Spine1-Interpolations">
        <Name_array id="mixamorig_Spine1-Interpolations-array" count="28">
 LINEAR LINEAR LINEAR LINEAR LINEAR LINEAR LINEAR LINEAR LINEAR LINEAR LINEAR
LINEAR LINEAR LINEAR LINEAR LINEAR LINEAR LINEAR LINEAR LINEAR LINEAR LINEAR LINEAR
LINEAR LINEAR LINEAR LINEAR LINEAR</Name_array>
        <technique_common>
          <accessor source="#mixamorig_Spine1-Interpolations-array" count="28">
            <param type="name"/>
          </accessor>
        </technique_common>
      </source>
      <sampler id="mixamorig_Spine1-Matrix-animation-transform">
        <input semantic="INPUT" source="#mixamorig_Spine1-Matrix-animation-input"/>
        <input semantic="OUTPUT" source="#mixamorig_Spine1-Matrix-animation-output-transform"/>
        <input semantic="INTERPOLATION" source="#mixamorig_Spine1-Interpolations"/>
      </sampler>
      <channel source="#mixamorig_Spine1-Matrix-animation-transform" target="mixamorig_Spine1/matrix"/>
    </animation>
    <animation id="mixamorig_Spine2-anim" name="mixamorig_Spine2">
      <source id="mixamorig_Spine2-Matrix-animation-input">
        <float_array id="mixamorig_Spine2-Matrix-animation-input-array" count="28">

0.000000 0.033333 0.066667 0.100000 0.133333 0.166667 0.200000 0.233333 0.266667 0.300000 0.333333 0.366667 0.400000 0.433333 0.466667 0.500000
0.533333 0.566667 0.600000 0.633333 0.666667 0.700000 0.733333 0.766667 0.800000 0.833333 0.866667 0.900000</float_array>
        <technique_common>
          <accessor source="#mixamorig_Spine2-Matrix-animation-input-array" count="28">
            <param name="TIME" type="float"/>
          </accessor>
        </technique_common>
      </source>
      <source id="mixamorig_Spine2-Matrix-animation-output-transform">
        <float_array id="mixamorig_Spine2-Matrix-animation-output-transform-array" count="448">

0.999484 -0.026289 -0.018446 -0.000000 0.023548 0.990474 -0.135668 10.500200 0.021837 0.135164 0.990583 -0.000000 0.000000 0.000000 0.000000 1.000000
0.999692 -0.022506 -0.010419 -0.000000 0.020966 0.991324 -0.129754 10.500200 0.013249 0.129496 0.991491 -0.000000 0.000000 0.000000 0.000000 1.000000
0.999743 -0.022653 0.000275 -0.000000 0.022526 0.992726 -0.118269 10.500200 0.002406 0.118245 0.992982 0.000000 0.000000 0.000000 0.000000 1.000000
0.999381 -0.035056 -0.003116 0.000000 0.034612 0.995030 -0.093370 10.500200 0.006373 0.093204 0.995627 0.000000 0.000000 0.000000 0.000000 1.000000
0.998407 -0.051298 -0.023481 0.000000 0.049655 0.996591 -0.065888 10.500200 0.026781 0.064618 0.997551 0.000000 0.000000 0.000000 0.000000 1.000000
0.993436 -0.084846 -0.076727 0.000000 0.082655 0.996087 -0.031293 10.500200 0.079082 0.024746 0.996561 -0.000000 0.000000 0.000000 0.000000 1.000000
0.987344 -0.106997 -0.117062 0.000000 0.106866 0.994246 -0.007419 10.500200 0.117182 -0.005185 0.993097 0.000000 0.000000 0.000000 0.000000 1.000000
0.982217 -0.120318 -0.144130 -0.000000 0.120578 0.992679 -0.006957 10.500200 0.143912 -0.010546 0.989534 -0.000000 0.000000 0.000000 0.000000 1.000000
0.976564 -0.133773 -0.168603 0.000000 0.133409 0.990969 -0.013542 10.500200 0.168891 -0.009269 0.985591 0.000000 0.000000 0.000000 0.000000 1.000000
0.973191 -0.137396 -0.184450 0.000000 0.136457 0.990485 -0.017835 10.500200 0.185146 -0.007813 0.982680 0.000000 0.000000 0.000000 0.000000 1.000000
0.972607 -0.142022 -0.184026 0.000000 0.141154 0.989826 -0.017878 10.500200 0.184693 -0.008587 0.982759 0.000000 0.000000 0.000000 0.000000 1.000000
0.973661 -0.137337 -0.181997 -0.000000 0.138512 0.990341 -0.006302 10.500200 0.181104 -0.019073 0.983279 0.000000 0.000000 0.000000 0.000000 1.000000
0.981259 -0.107117 -0.160180 0.000000 0.109536 0.993963 0.006325 10.500200 0.158535 -0.023752 0.987068 0.000000 0.000000 0.000000 0.000000 1.000000
0.995697 -0.052684 -0.076232 0.000000 0.052572 0.998611 -0.003479 10.500200 0.076309 -0.000544 0.997084 0.000000 0.000000 0.000000 0.000000 1.000000
0.998382 -0.047777 0.030842 -0.000000 0.049041 0.997930 -0.041601 10.500200 -0.028790 0.043047 0.998658 0.000000 0.000000 0.000000 0.000000 1.000000
0.991731 -0.075778 0.103577 0.000000 0.080706 0.995756 -0.044238 10.500200 -0.099785 0.052231 0.993637 0.000000 0.000000 0.000000 0.000000 1.000000
0.988690 -0.053782 0.140000 -0.000000 0.064814 0.995039 -0.075469 10.500200 -0.135247 0.083689 0.987271 0.000000 0.000000 0.000000 0.000000 1.000000
0.979820 -0.059926 0.190686 0.000000 0.084537 0.988716 -0.123666 10.500200 -0.181124 0.137290 0.973830 -0.000000 0.000000 0.000000 0.000000 1.000000
0.990853 -0.037234 0.129710 0.000000 0.061717 0.979805 -0.190194 10.500200 -0.120009 0.196459 0.973140 -0.000000 0.000000 0.000000 0.000000 1.000000
0.998860 -0.003569 0.047595 -0.000000 0.014933 0.970503 -0.240626 10.500200 -0.045332 0.241063 0.969450 0.000000 0.000000 0.000000 0.000000 1.000000
0.999690 0.023145 -0.009197 0.000000 -0.024737 0.965624 -0.258764 10.500200 0.002892 0.258912 0.965897 0.000000 0.000000 0.000000 0.000000 1.000000
0.999560 0.023451 -0.018177 0.000000 -0.027028 0.972412 -0.231697 10.500200 0.012242 0.232086 0.972618 0.000000 0.000000 0.000000 0.000000 1.000000
0.999934 0.009092 -0.007023 0.000000 -0.010311 0.979838 -0.199527 10.500200 0.005067 0.199587 0.979867 0.000000 0.000000 0.000000 0.000000 1.000000
0.999968 -0.001076 0.007873 -0.000000 0.002380 0.985856 -0.167577 10.500200 -0.007582 0.167590 0.985828 0.000000 0.000000 0.000000 0.000000 1.000000
0.999581 -0.019455 -0.021426 0.000000 0.016034 0.988612 -0.149628 10.500200 0.024093 0.149222 0.988510 0.000000 0.000000 0.000000 0.000000 1.000000
0.998443 -0.030137 -0.046941 -0.000000 0.023256 0.989766 -0.140789 10.500200 0.050704 0.139478 0.988926 0.000000 0.000000 0.000000 0.000000 1.000000
0.997328 -0.040531 -0.060772 0.000000 0.032212 0.990710 -0.132119 10.500200 0.065562 0.129809 0.989369 -0.000000 0.000000 0.000000 0.000000 1.000000
0.996246 -0.052481 -0.068839 -0.000000 0.043803 0.991562 -0.122007 10.500200 0.074661 0.118534 0.990139 0.000000 0.000000 0.000000 0.000000 1.000000</float_array>
        <technique_common>
          <accessor source="#mixamorig_Spine2-Matrix-animation-output-transform-array" count="28" stride="16">
            <param type="float4x4"/>
          </accessor>
        </technique_common>
      </source>
      <source id="mixamorig_Spine2-Interpolations">
        <Name_array id="mixamorig_Spine2-Interpolations-array" count="28">
 LINEAR LINEAR LINEAR LINEAR LINEAR LINEAR LINEAR LINEAR LINEAR LINEAR LINEAR
LINEAR LINEAR LINEAR LINEAR LINEAR LINEAR LINEAR LINEAR LINEAR LINEAR LINEAR LINEAR
LINEAR LINEAR LINEAR LINEAR LINEAR</Name_array>
        <technique_common>
          <accessor source="#mixamorig_Spine2-Interpolations-array" count="28">
            <param type="name"/>
          </accessor>
        </technique_common>
      </source>
      <sampler id="mixamorig_Spine2-Matrix-animation-transform">
        <input semantic="INPUT" source="#mixamorig_Spine2-Matrix-animation-input"/>
        <input semantic="OUTPUT" source="#mixamorig_Spine2-Matrix-animation-output-transform"/>
        <input semantic="INTERPOLATION" source="#mixamorig_Spine2-Interpolations"/>
      </sampler>
      <channel source="#mixamorig_Spine2-Matrix-animation-transform" target="mixamorig_Spine2/matrix"/>
    </animation>
    <animation id="mixamorig_Neck-anim" name="mixamorig_Neck">
      <source id="mixamorig_Neck-Matrix-animation-input">
        <float_array id="mixamorig_Neck-Matrix-animation-input-array" count="28">

0.000000 0.033333 0.066667 0.100000 0.133333 0.166667 0.200000 0.233333 0.266667 0.300000 0.333333 0.366667 0.400000 0.433333 0.466667 0.500000
0.533333 0.566667 0.600000 0.633333 0.666667 0.700000 0.733333 0.766667 0.800000 0.833333 0.866667 0.900000</float_array>
        <technique_common>
          <accessor source="#mixamorig_Neck-Matrix-animation-input-array" count="28">
            <param name="TIME" type="float"/>
          </accessor>
        </technique_common>
      </source>
      <source id="mixamorig_Neck-Matrix-animation-output-transform">
        <float_array id="mixamorig_Neck-Matrix-animation-output-transform-array" count="448">

0.997424 0.041606 0.058436 -0.000000 -0.047392 0.993715 0.101408 26.776300 -0.053850 -0.103916 0.993127 -4.691200 0.000000 0.000000 0.000000 1.000000
0.997937 0.036628 0.052720 -0.000000 -0.041758 0.994136 0.099745 26.776300 -0.048758 -0.101741 0.993615 -4.691200 0.000000 0.000000 0.000000 1.000000
0.994966 0.081505 0.058300 -0.000000 -0.086312 0.992608 0.085323 26.776300 -0.050915 -0.089926 0.994646 -4.691200 0.000000 0.000000 0.000000 1.000000
0.981376 0.169250 0.090861 0.000000 -0.173987 0.983627 0.046978 26.776300 -0.081423 -0.061912 0.994755 -4.691200 0.000000 0.000000 0.000000 1.000000
0.972391 0.185810 0.141178 0.000000 -0.188463 0.982065 0.005541 26.776300 -0.137616 -0.031995 0.989969 -4.691200 0.000000 0.000000 0.000000 1.000000
0.973370 0.126685 0.191054 0.000000 -0.133630 0.990744 0.023863 26.776300 -0.186263 -0.048758 0.981289 -4.691200 0.000000 0.000000 0.000000 1.000000
0.973236 0.093786 0.209801 -0.000000 -0.114946 0.989192 0.091026 26.776300 -0.198997 -0.112706 0.973498 -4.691200 0.000000 0.000000 0.000000 1.000000
0.964385 0.142050 0.223122 0.000000 -0.174188 0.975880 0.131591 26.776300 -0.199048 -0.165769 0.965868 -4.691200 0.000000 0.000000 0.000000 1.000000
0.944454 0.218307 0.245661 0.000000 -0.256745 0.956740 0.136859 26.776300 -0.205156 -0.192329 0.959646 -4.691200 0.000000 0.000000 0.000000 1.000000
0.933361 0.257698 0.249858 0.000000 -0.299785 0.942487 0.147805 26.776300 -0.197399 -0.212859 0.956935 -4.691200 0.000000 0.000000 0.000000 1.000000
0.930269 0.275983 0.241730 0.000000 -0.317931 0.935230 0.155769 26.776300 -0.183084 -0.221760 0.957759 -4.691200 0.000000 0.000000 0.000000 1.000000
0.939686 0.256029 0.226803 -0.000000 -0.296639 0.940143 0.167737 26.776300 -0.170281 -0.224899 0.959388 -4.691200 0.000000 0.000000 0.000000 1.000000
0.965634 0.187163 0.180338 -0.000000 -0.225740 0.947840 0.225034 26.776300 -0.128813 -0.258010 0.957517 -4.691200 0.000000 0.000000 0.000000 1.000000
0.985461 0.144169 0.089896 0.000000 -0.159721 0.966508 0.200877 26.776300 -0.057925 -0.212315 0.975483 -4.691200 0.000000 0.000000 0.000000 1.000000
0.990019 0.140929 0.001365 0.000000 -0.140876 0.989278 0.038498 26.776300 0.004075 -0.038306 0.999258 -4.691200 0.000000 0.000000 0.000000 1.000000
0.988524 0.142345 -0.050575 -0.000000 -0.144208 0.988918 -0.035294 26.776300 0.044991 0.042183 0.998096 -4.691200 0.000000 0.000000 0.000000 1.000000
0.989537 0.116017 -0.085769 -0.000000 -0.114682 0.993194 0.020355 26.776300 0.087547 -0.010306 0.996107 -4.691200 0.000000 0.000000 0.000000 1.000000
0.990922 0.093833 -0.096280 0.000000 -0.093508 0.995587 0.007887 26.776300 0.096595 0.001188 0.995323 -4.691200 0.000000 0.000000 0.000000 1.000000
0.982643 0.178588 -0.050182 -0.000000 -0.181334 0.981777 -0.056856 26.776300 0.039114 0.064969 0.997120 -4.691200 0.000000 0.000000 0.000000 1.000000
0.949616 0.313396 0.003515 -0.000000 -0.311809 0.945824 -0.090508 26.776300 -0.031690 0.084851 0.995890 -4.691200 0.000000 0.000000 0.000000 1.000000
0.931000 0.363675 0.031295 -0.000000 -0.358000 0.926469 -0.116155 26.776300 -0.071236 0.096937 0.992738 -4.691200 0.000000 0.000000 0.000000 1.000000
0.948856 0.314368 0.029061 0.000000 -0.307632 0.941346 -0.138677 26.776300 -0.070952 0.122644 0.989911 -4.691200 0.000000 0.000000 0.000000 1.000000
0.981769 0.189726 0.011571 0.000000 -0.186259 0.972399 -0.140530 26.776300 -0.037913 0.135813 0.990009 -4.691200 0.000000 0.000000 0.000000 1.000000
0.997806 0.065888 0.006533 0.000000 -0.064430 0.988955 -0.133483 26.776300 -0.015256 0.132769 0.991030 -4.691200 0.000000 0.000000 0.000000 1.000000
0.999216 0.024843 0.030815 0.000000 -0.020283 0.989895 -0.140343 26.776300 -0.033990 0.139608 0.989623 -4.691200 0.000000 0.000000 0.000000 1.000000
0.998077 0.021967 0.057961 -0.000000 -0.012578 0.987417 -0.157638 26.776300 -0.060695 0.156605 0.985795 -4.691200 0.000000 0.000000 0.000000 1.000000
0.997323 0.010020 0.072427 0.000000 0.001147 0.988300 -0.152517 26.776300 -0.073107 0.152192 0.985643 -4.691200 0.000000 0.000000 0.000000 1.000000
0.996388 0.002560 0.084874 -0.000000 0.008255 0.991889 -0.126836 26.776300 -0.084511 0.127078 0.988286 -4.691200 0.000000 0.000000 0.000000 1.000000</float_array>
        <technique_common>
          <accessor source="#mixamorig_Neck-Matrix-animation-output-transform-array" count="28" stride="16">
            <param type="float4x4"/>
          </accessor>
        </technique_common>
      </source>
      <source id="mixamorig_Neck-Interpolations">
        <Name_array id="mixamorig_Neck-Interpolations-array" count="28">
 LINEAR LINEAR LINEAR LINEAR LINEAR LINEAR LINEAR LINEAR LINEAR LINEAR LINEAR
LINEAR LINEAR LINEAR LINEAR LINEAR LINEAR LINEAR LINEAR LINEAR LINEAR LINEAR LINEAR
LINEAR LINEAR LINEAR LINEAR LINEAR</Name_array>
        <technique_common>
          <accessor source="#mixamorig_Neck-Interpolations-array" count="28">
            <param type="name"/>
          </accessor>
        </technique_common>
      </source>
      <sampler id="mixamorig_Neck-Matrix-animation-transform">
        <input semantic="INPUT" source="#mixamorig_Neck-Matrix-animation-input"/>
        <input semantic="OUTPUT" source="#mixamorig_Neck-Matrix-animation-output-transform"/>
        <input semantic="INTERPOLATION" source="#mixamorig_Neck-Interpolations"/>
      </sampler>
      <channel source="#mixamorig_Neck-Matrix-animation-transform" target="mixamorig_Neck/matrix"/>
    </animation>
    <animation id="mixamorig_Head-anim" name="mixamorig_Head">
      <source id="mixamorig_Head-Matrix-animation-input">
        <float_array id="mixamorig_Head-Matrix-animation-input-array" count="28">

0.000000 0.033333 0.066667 0.100000 0.133333 0.166667 0.200000 0.233333 0.266667 0.300000 0.333333 0.366667 0.400000 0.433333 0.466667 0.500000
0.533333 0.566667 0.600000 0.633333 0.666667 0.700000 0.733333 0.766667 0.800000 0.833333 0.866667 0.900000</float_array>
        <technique_common>
          <accessor source="#mixamorig_Head-Matrix-animation-input-array" count="28">
            <param name="TIME" type="float"/>
          </accessor>
        </technique_common>
      </source>
      <source id="mixamorig_Head-Matrix-animation-output-transform">
        <float_array id="mixamorig_Head-Matrix-animation-output-transform-array" count="448">

0.967761 0.020642 0.251023 0.000000 -0.116265 0.920712 0.372521 14.063200 -0.223430 -0.389697 0.893429 3.449300 0.000000 0.000000 0.000000 1.000000
0.972127 0.030342 0.232482 0.000000 -0.117182 0.921732 0.369700 14.063200 -0.203069 -0.386638 0.899597 3.449300 0.000000 0.000000 0.000000 1.000000
0.975730 0.013152 0.218582 -0.000000 -0.089249 0.935409 0.342117 14.063200 -0.199964 -0.353322 0.913881 3.449300 0.000000 0.000000 0.000000 1.000000
0.961826 -0.016130 0.273187 0.000000 -0.053045 0.968340 0.243932 14.063200 -0.268473 -0.249112 0.930519 3.449300 0.000000 0.000000 0.000000 1.000000
0.889295 0.060445 0.453321 0.000000 -0.085523 0.995721 0.035006 14.063200 -0.449265 -0.069901 0.890660 3.449300 0.000000 0.000000 0.000000 1.000000
0.745529 0.196881 0.636730 0.000000 -0.088823 0.976200 -0.197847 14.063200 -0.660528 0.090945 0.745273 3.449300 0.000000 0.000000 0.000000 1.000000
0.674513 0.202887 0.709837 0.000000 -0.019470 0.966051 -0.257617 14.063200 -0.738006 0.159946 0.655564 3.449300 0.000000 0.000000 0.000000 1.000000
0.682060 0.160665 0.713429 0.000000 0.017086 0.971801 -0.235185 14.063200 -0.731097 0.172599 0.660081 3.449300 0.000000 0.000000 0.000000 1.000000
0.698836 0.197523 0.687469 -0.000000 -0.011677 0.964138 -0.265146 14.063200 -0.715187 0.177266 0.676080 3.449300 0.000000 0.000000 0.000000 1.000000
0.734510 0.250484 0.630677 -0.000000 -0.043323 0.944795 -0.324786 14.063200 -0.677214 0.211236 0.704813 3.449300 0.000000 0.000000 0.000000 1.000000
0.772433 0.277777 0.571129 0.000000 -0.083424 0.935864 -0.342343 14.063200 -0.629594 0.216791 0.746065 3.449300 0.000000 0.000000 0.000000 1.000000
0.778140 0.357183 0.516641 0.000000 -0.216324 0.924641 -0.313439 14.063200 -0.589662 0.132137 0.796767 3.449300 0.000000 0.000000 0.000000 1.000000
0.806673 0.433405 0.401794 -0.000000 -0.388123 0.901199 -0.192873 14.063200 -0.445689 -0.000360 0.895188 3.449300 0.000000 0.000000 0.000000 1.000000
0.932141 0.327370 0.154733 0.000000 -0.343819 0.934257 0.094614 14.063200 -0.113587 -0.141394 0.983415 3.449300 0.000000 0.000000 0.000000 1.000000
0.956344 0.190499 -0.221624 0.000000 -0.123911 0.951126 0.282854 14.063200 0.264676 -0.243044 0.933208 3.449300 0.000000 0.000000 0.000000 1.000000
0.885887 0.187507 -0.424317 -0.000000 -0.035332 0.939287 0.341307 14.063200 0.462553 -0.287368 0.838728 3.449300 0.000000 0.000000 0.000000 1.000000
0.837581 0.240312 -0.490621 -0.000000 -0.006804 0.902576 0.430477 14.063200 0.546271 -0.357221 0.757615 3.449300 0.000000 0.000000 0.000000 1.000000
0.818312 0.252693 -0.516247 0.000000 0.057340 0.857803 0.510770 14.063200 0.571907 -0.447571 0.687461 3.449300 0.000000 0.000000 0.000000 1.000000
0.883543 0.166943 -0.437587 -0.000000 0.085826 0.860780 0.501688 14.063200 0.460419 -0.480819 0.746208 3.449300 0.000000 0.000000 0.000000 1.000000
0.952429 0.125820 -0.277576 0.000000 -0.012884 0.926609 0.375806 14.063200 0.304488 -0.354353 0.884150 3.449300 0.000000 0.000000 0.000000 1.000000
0.971278 0.179482 -0.156220 0.000000 -0.135974 0.957438 0.254604 14.063200 0.195268 -0.226049 0.954344 3.449300 0.000000 0.000000 0.000000 1.000000
0.979173 0.176457 -0.100419 0.000000 -0.148584 0.959867 0.237863 14.063200 0.138361 -0.217989 0.966094 3.449300 0.000000 0.000000 0.000000 1.000000
0.987327 0.132807 -0.086874 0.000000 -0.103490 0.953824 0.281973 14.063200 0.120311 -0.269409 0.955481 3.449300 0.000000 0.000000 0.000000 1.000000
0.988738 0.148580 -0.017903 0.000000 -0.134246 0.933437 0.332677 14.063200 0.066141 -0.326527 0.942871 3.449300 0.000000 0.000000 0.000000 1.000000
0.971178 0.187019 0.147773 0.000000 -0.228909 0.904611 0.359553 14.063200 -0.066433 -0.383017 0.921349 3.449300 0.000000 0.000000 0.000000 1.000000
0.933712 0.197163 0.298846 0.000000 -0.298429 0.889739 0.345405 14.063200 -0.197794 -0.411693 0.889599 3.449300 0.000000 0.000000 0.000000 1.000000
0.893131 0.228850 0.387227 -0.000000 -0.358127 0.882673 0.304357 14.063200 -0.272143 -0.410507 0.870300 3.449300 0.000000 0.000000 0.000000 1.000000
0.841406 0.293127 0.453997 0.000000 -0.436466 0.863976 0.251082 14.063200 -0.318644 -0.409416 0.854894 3.449300 0.000000 0.000000 0.000000 1.000000</float_array>
        <technique_common>
          <accessor source="#mixamorig_Head-Matrix-animation-output-transform-array" count="28" stride="16">
            <param type="float4x4"/>
          </accessor>
        </technique_common>
      </source>
      <source id="mixamorig_Head-Interpolations">
        <Name_array id="mixamorig_Head-Interpolations-array" count="28">
 LINEAR LINEAR LINEAR LINEAR LINEAR LINEAR LINEAR LINEAR LINEAR LINEAR LINEAR
LINEAR LINEAR LINEAR LINEAR LINEAR LINEAR LINEAR LINEAR LINEAR LINEAR LINEAR LINEAR
LINEAR LINEAR LINEAR LINEAR LINEAR</Name_array>
        <technique_common>
          <accessor source="#mixamorig_Head-Interpolations-array" count="28">
            <param type="name"/>
          </accessor>
        </technique_common>
      </source>
      <sampler id="mixamorig_Head-Matrix-animation-transform">
        <input semantic="INPUT" source="#mixamorig_Head-Matrix-animation-input"/>
        <input semantic="OUTPUT" source="#mixamorig_Head-Matrix-animation-output-transform"/>
        <input semantic="INTERPOLATION" source="#mixamorig_Head-Interpolations"/>
      </sampler>
      <channel source="#mixamorig_Head-Matrix-animation-transform" target="mixamorig_Head/matrix"/>
    </animation>
    <animation id="mixamorig_LeftShoulder-anim" name="mixamorig_LeftShoulder">
      <source id="mixamorig_LeftShoulder-Matrix-animation-input">
        <float_array id="mixamorig_LeftShoulder-Matrix-animation-input-array" count="28">

0.000000 0.033333 0.066667 0.100000 0.133333 0.166667 0.200000 0.233333 0.266667 0.300000 0.333333 0.366667 0.400000 0.433333 0.466667 0.500000
0.533333 0.566667 0.600000 0.633333 0.666667 0.700000 0.733333 0.766667 0.800000 0.833333 0.866667 0.900000</float_array>
        <technique_common>
          <accessor source="#mixamorig_LeftShoulder-Matrix-animation-input-array" count="28">
            <param name="TIME" type="float"/>
          </accessor>
        </technique_common>
      </source>
      <source id="mixamorig_LeftShoulder-Matrix-animation-output-transform">
        <float_array id="mixamorig_LeftShoulder-Matrix-animation-output-transform-array" count="448">

-0.094185 0.838937 -0.536017 7.980400 0.013562 -0.537279 -0.843295 21.886400 -0.995462 -0.086696 0.039226 -6.266400 0.000000 0.000000 0.000000 1.000000
-0.087904 0.847173 -0.523995 7.980400 0.012978 -0.525012 -0.850996 21.886400 -0.996044 -0.081606 0.035156 -6.266400 0.000000 0.000000 0.000000 1.000000
-0.088915 0.848562 -0.521572 7.980400 0.012784 -0.522630 -0.852464 21.886400 -0.995957 -0.082465 0.035621 -6.266400 0.000000 0.000000 0.000000 1.000000
-0.085593 0.849597 -0.520441 7.980400 0.013631 -0.521310 -0.853258 21.886400 -0.996237 -0.080127 0.033040 -6.266400 0.000000 0.000000 0.000000 1.000000
-0.019848 0.896620 -0.442357 7.980400 0.012790 -0.442180 -0.896835 21.886400 -0.999721 -0.023458 -0.002692 -6.266400 0.000000 0.000000 0.000000 1.000000
