<?xml version="1.0" encoding="utf-8"?>
<COLLADA xmlns="http://www.collada.org/2005/11/COLLADASchema" version="1.4.1">
  <asset>
    <contributor>
      <author>Mixamo</author>
      <authoring_tool>COLLADA Mixamo exporter</authoring_tool>
      <comments/>
    </contributor>
    <created>2023-06-05T11:17:02Z</created>
    <modified>2023-06-05T11:17:02Z</modified>
    <revision/>
    <title/>
    <unit meter="0.010000"/>
    <up_axis>Y_UP</up_axis>
  </asset>
  <library_animations>
    <animation id="mixamorig_Hips-anim" name="mixamorig_Hips">
      <source id="mixamorig_Hips-Matrix-animation-input">
        <float_array id="mixamorig_Hips-Matrix-animation-input-array" count="44">

0.000000 0.033333 0.066667 0.100000 0.133333 0.166667 0.200000 0.233333 0.266667 0.300000 0.333333 0.366667 0.400000 0.433333 0.466667 0.500000
0.533333 0.566667 0.600000 0.633333 0.666667 0.700000 0.733333 0.766667 0.800000 0.833333 0.866667 0.900000 0.933333 0.966667 1.000000 1.033333
1.066667 1.100000 1.133333 1.166667 1.200000 1.233333 1.266667 1.300000 1.333333 1.366667 1.400000 1.433333</float_array>
        <technique_common>
          <accessor source="#mixamorig_Hips-Matrix-animation-input-array" count="44">
            <param name="TIME" type="float"/>
          </accessor>
        </technique_common>
      </source>
      <source id="mixamorig_Hips-Matrix-animation-output-transform">
        <float_array id="mixamorig_Hips-Matrix-animation-output-transform-array" count="704">

0.690535 -0.003437 -0.723291 -0.655359 0.073002 0.995214 0.064967 89.523682 0.719606 -0.097664 0.687480 -0.037715 0.000000 0.000000 0.000000 1.000000
0.726377 0.006315 -0.687268 -1.724509 0.097810 0.988830 0.112462 89.941711 0.680301 -0.148912 0.717646 0.224729 0.000000 0.000000 0.000000 1.000000
0.799779 0.018464 -0.600010 -4.138478 0.132301 0.969528 0.206185 91.148682 0.585534 -0.244284 0.772966 2.058439 0.000000 0.000000 0.000000 1.000000
0.871867 0.007398 -0.489687 -7.479994 0.174661 0.929439 0.325019 93.144608 0.457538 -0.368903 0.809055 5.287630 0.000000 0.000000 0.000000 1.000000
0.888183 -0.012013 -0.459333 -9.667569 0.219498 0.889316 0.401170 94.840477 0.403673 -0.457135 0.792513 7.580698 0.000000 0.000000 0.000000 1.000000
0.859244 -0.010887 -0.511450 -10.021108 0.262228 0.867807 0.422074 95.546547 0.439245 -0.496781 0.748513 7.871412 0.000000 0.000000 0.000000 1.000000
0.824958 -0.012992 -0.565044 -9.919020 0.305013 0.851894 0.425728 95.481590 0.475827 -0.523554 0.706740 7.346834 0.000000 0.000000 0.000000 1.000000
0.800941 -0.027477 -0.598113 -9.957010 0.346424 0.836029 0.425495 94.954422 0.488348 -0.547997 0.679128 6.793282 0.000000 0.000000 0.000000 1.000000
0.774499 -0.042435 -0.631151 -9.676624 0.382782 0.825782 0.414200 93.960251 0.503616 -0.562391 0.655810 5.993876 0.000000 0.000000 0.000000 1.000000
0.739502 -0.054671 -0.670930 -8.867235 0.416691 0.819964 0.392463 92.766663 0.528682 -0.569798 0.629147 4.902192 0.000000 0.000000 0.000000 1.000000
0.701871 -0.071991 -0.708657 -7.677409 0.447184 0.818924 0.359709 91.626457 0.554440 -0.569369 0.606972 3.706022 0.000000 0.000000 0.000000 1.000000
0.660881 -0.097284 -0.744158 -6.219020 0.472840 0.823985 0.312205 90.609573 0.582802 -0.558198 0.590556 2.455459 0.000000 0.000000 0.000000 1.000000
0.615330 -0.123161 -0.778589 -4.502007 0.491294 0.832333 0.256615 89.664612 0.616440 -0.540419 0.572668 1.170229 0.000000 0.000000 0.000000 1.000000
0.568318 -0.144617 -0.810001 -2.636085 0.500244 0.842329 0.200595 88.825386 0.653277 -0.519200 0.551054 -0.107472 0.000000 0.000000 0.000000 1.000000
0.525933 -0.168540 -0.833660 -0.919936 0.497605 0.855885 0.140892 88.190445 0.689771 -0.488933 0.534004 -1.362458 0.000000 0.000000 0.000000 1.000000
0.497027 -0.199767 -0.844427 0.436170 0.482474 0.872468 0.077582 87.783028 0.721237 -0.445975 0.530022 -2.601349 0.000000 0.000000 0.000000 1.000000
0.485782 -0.227756 -0.843886 1.525260 0.457022 0.889155 0.023110 87.518501 0.745082 -0.396900 0.536025 -3.885600 0.000000 0.000000 0.000000 1.000000
0.486538 -0.241883 -0.839508 2.510228 0.422905 0.906034 -0.015956 87.294785 0.764482 -0.347268 0.543114 -5.316247 0.000000 0.000000 0.000000 1.000000
0.494017 -0.247591 -0.833454 3.393162 0.379162 0.923992 -0.049745 87.084045 0.782422 -0.291440 0.550345 -6.909914 0.000000 0.000000 0.000000 1.000000
0.507601 -0.254883 -0.823029 4.123853 0.328102 0.940451 -0.088891 86.917061 0.796675 -0.224916 0.561001 -8.526565 0.000000 0.000000 0.000000 1.000000
0.521545 -0.260579 -0.812459 4.726727 0.274154 0.952908 -0.129636 86.842430 0.807980 -0.155128 0.568423 -9.903075 0.000000 0.000000 0.000000 1.000000
0.525296 -0.254280 -0.812038 5.199531 0.216830 0.962804 -0.161226 86.830688 0.822830 -0.091383 0.560892 -10.810144 0.000000 0.000000 0.000000 1.000000
0.516635 -0.235333 -0.823229 5.512539 0.155241 0.971296 -0.180235 86.841354 0.842014 -0.034683 0.538339 -11.208738 0.000000 0.000000 0.000000 1.000000
0.503328 -0.212776 -0.837489 5.730426 0.097352 0.977001 -0.189713 86.958542 0.858594 0.013957 0.512466 -11.209126 0.000000 0.000000 0.000000 1.000000
0.491230 -0.190381 -0.849970 5.926617 0.052591 0.980524 -0.189228 87.259087 0.869441 0.048254 0.491675 -10.884628 0.000000 0.000000 0.000000 1.000000
0.477049 -0.163971 -0.863445 6.019327 0.019704 0.984190 -0.176015 87.662254 0.878656 0.066955 0.472737 -10.272634 0.000000 0.000000 0.000000 1.000000
0.459246 -0.134348 -0.878091 5.867486 -0.006150 0.987993 -0.154379 88.003784 0.888288 0.076298 0.452905 -9.492579 0.000000 0.000000 0.000000 1.000000
0.444902 -0.108372 -0.888998 5.461897 -0.022176 0.991014 -0.131906 88.241386 0.895305 0.078399 0.438500 -8.677579 0.000000 0.000000 0.000000 1.000000
0.443477 -0.086569 -0.892095 4.888092 -0.023934 0.993826 -0.108339 88.443115 0.895966 0.069397 0.438667 -7.835711 0.000000 0.000000 0.000000 1.000000
0.458778 -0.063802 -0.886257 4.177477 -0.013252 0.996816 -0.078621 88.700310 0.888452 0.047814 0.456472 -6.923873 0.000000 0.000000 0.000000 1.000000
0.487264 -0.040402 -0.872320 3.328576 0.004025 0.999022 -0.044022 89.053642 0.873245 0.017939 0.486950 -5.950816 0.000000 0.000000 0.000000 1.000000
0.520261 -0.020943 -0.853750 2.412466 0.022498 0.999688 -0.010813 89.472946 0.853711 -0.013583 0.520570 -4.930909 0.000000 0.000000 0.000000 1.000000
0.549246 -0.007117 -0.835631 1.581439 0.038617 0.999112 0.016872 89.875389 0.834768 -0.041536 0.549033 -3.910925 0.000000 0.000000 0.000000 1.000000
0.571013 0.000643 -0.820941 0.984494 0.050466 0.998081 0.035884 90.157257 0.819389 -0.061919 0.569884 -3.060690 0.000000 0.000000 0.000000 1.000000
0.588462 0.003790 -0.808516 0.576881 0.059079 0.997114 0.047673 90.325829 0.806364 -0.075820 0.586540 -2.406225 0.000000 0.000000 0.000000 1.000000
0.604507 0.005063 -0.796584 0.238815 0.066316 0.996189 0.056657 90.450447 0.793835 -0.087075 0.601867 -1.828284 0.000000 0.000000 0.000000 1.000000
0.619235 0.005186 -0.785189 -0.041910 0.072256 0.995359 0.063559 90.532166 0.781874 -0.096093 0.615986 -1.315493 0.000000 0.000000 0.000000 1.000000
0.632685 0.004440 -0.774397 -0.264825 0.076742 0.994702 0.068401 90.560753 0.770598 -0.102705 0.628992 -0.881938 0.000000 0.000000 0.000000 1.000000
0.645397 0.003510 -0.763839 -0.455953 0.080061 0.994171 0.072215 90.546394 0.759640 -0.107761 0.641354 -0.505851 0.000000 0.000000 0.000000 1.000000
0.657268 0.002669 -0.753652 -0.608384 0.081719 0.993845 0.074788 90.466751 0.749213 -0.110743 0.653005 -0.213531 0.000000 0.000000 0.000000 1.000000
0.667021 0.001271 -0.745038 -0.657118 0.080261 0.994057 0.073552 90.255035 0.740704 -0.108858 0.662954 -0.106716 0.000000 0.000000 0.000000 1.000000
0.675149 -0.000590 -0.737681 -0.639900 0.077210 0.994564 0.069870 89.974297 0.733629 -0.104129 0.671524 -0.111083 0.000000 0.000000 0.000000 1.000000
0.683135 -0.002109 -0.730289 -0.643353 0.074964 0.994916 0.067250 89.735062 0.726434 -0.100686 0.679820 -0.081113 0.000000 0.000000 0.000000 1.000000
0.690535 -0.003437 -0.723291 -0.655353 0.073002 0.995214 0.064967 89.523674 0.719606 -0.097663 0.687480 -0.037709 0.000000 0.000000 0.000000 1.000000</float_array>
        <technique_common>
          <accessor source="#mixamorig_Hips-Matrix-animation-output-transform-array" count="44" stride="16">
            <param type="float4x4"/>
          </accessor>
        </technique_common>
      </source>
      <source id="mixamorig_Hips-Interpolations">
        <Name_array id="mixamorig_Hips-Interpolations-array" count="44">
 LINEAR LINEAR LINEAR LINEAR LINEAR LINEAR LINEAR LINEAR LINEAR LINEAR LINEAR
LINEAR LINEAR LINEAR LINEAR LINEAR LINEAR LINEAR LINEAR LINEAR LINEAR LINEAR LINEAR
LINEAR LINEAR LINEAR LINEAR LINEAR LINEAR LINEAR LINEAR LINEAR LINEAR LINEAR LINEAR
LINEAR LINEAR LINEAR LINEAR LINEAR LINEAR LINEAR LINEAR LINEAR</Name_array>
        <technique_common>
          <accessor source="#mixamorig_Hips-Interpolations-array" count="44">
            <param type="name"/>
          </accessor>
        </technique_common>
      </source>
      <sampler id="mixamorig_Hips-Matrix-animation-transform">
        <input semantic="INPUT" source="#mixamorig_Hips-Matrix-animation-input"/>
        <input semantic="OUTPUT" source="#mixamorig_Hips-Matrix-animation-output-transform"/>
        <input semantic="INTERPOLATION" source="#mixamorig_Hips-Interpolations"/>
      </sampler>
      <channel source="#mixamorig_Hips-Matrix-animation-transform" target="mixamorig_Hips/matrix"/>
    </animation>
    <animation id="mixamorig_Spine-anim" name="mixamorig_Spine">
      <source id="mixamorig_Spine-Matrix-animation-input">
        <float_array id="mixamorig_Spine-Matrix-animation-input-array" count="44">

0.000000 0.033333 0.066667 0.100000 0.133333 0.166667 0.200000 0.233333 0.266667 0.300000 0.333333 0.366667 0.400000 0.433333 0.466667 0.500000
0.533333 0.566667 0.600000 0.633333 0.666667 0.700000 0.733333 0.766667 0.800000 0.833333 0.866667 0.900000 0.933333 0.966667 1.000000 1.033333
1.066667 1.100000 1.133333 1.166667 1.200000 1.233333 1.266667 1.300000 1.333333 1.366667 1.400000 1.433333</float_array>
        <technique_common>
          <accessor source="#mixamorig_Spine-Matrix-animation-input-array" count="44">
            <param name="TIME" type="float"/>
          </accessor>
        </technique_common>
      </source>
      <source id="mixamorig_Spine-Matrix-animation-output-transform">
        <float_array id="mixamorig_Spine-Matrix-animation-output-transform-array" count="704">

0.991416 0.036603 0.125514 0.000000 -0.016382 0.987223 -0.158500 5.645700 -0.129712 0.155083 0.979349 -0.031900 0.000000 0.000000 0.000000 1.000000
0.994445 0.028206 0.101409 -0.000000 -0.013817 0.990071 -0.139888 5.645700 -0.104348 0.137709 0.984961 -0.031900 0.000000 0.000000 0.000000 1.000000
0.995063 0.012197 0.098497 -0.000000 -0.003781 0.996358 -0.085183 5.645700 -0.099177 0.084390 0.991485 -0.031900 0.000000 0.000000 0.000000 1.000000
0.991965 -0.003753 0.126458 0.000000 0.003598 0.999992 0.001452 5.645700 -0.126462 -0.000985 0.991971 -0.031900 0.000000 0.000000 0.000000 1.000000
0.987661 -0.010046 0.156286 0.000000 -0.000650 0.997669 0.068239 5.645700 -0.156607 -0.067498 0.985352 -0.031900 0.000000 0.000000 0.000000 1.000000
0.987539 -0.019915 0.156108 -0.000000 0.005517 0.995732 0.092125 5.645700 -0.157276 -0.090116 0.983434 -0.031900 0.000000 0.000000 0.000000 1.000000
0.989878 -0.040303 0.136077 0.000000 0.026847 0.994694 0.099314 5.645700 -0.139357 -0.094656 0.985708 -0.031900 0.000000 0.000000 0.000000 1.000000
0.990280 -0.064554 0.123197 -0.000000 0.051614 0.993081 0.105483 5.645700 -0.129154 -0.098099 0.986760 -0.031900 0.000000 0.000000 0.000000 1.000000
0.988128 -0.087286 0.126425 0.000000 0.074821 0.992150 0.100206 5.645700 -0.134179 -0.089557 0.986902 -0.031900 0.000000 0.000000 0.000000 1.000000
0.985125 -0.108049 0.133617 0.000000 0.098140 0.992059 0.078657 5.645700 -0.141055 -0.064374 0.987907 -0.031900 0.000000 0.000000 0.000000 1.000000
0.982592 -0.126412 0.136135 0.000000 0.120722 0.991461 0.049306 5.645700 -0.141205 -0.032013 0.989463 -0.031900 0.000000 0.000000 0.000000 1.000000
0.980789 -0.141070 0.134733 0.000000 0.139700 0.990000 0.019617 5.645700 -0.136153 -0.000418 0.990688 -0.031900 0.000000 0.000000 0.000000 1.000000
0.979336 -0.151302 0.134199 0.000000 0.154601 0.987871 -0.014448 5.645700 -0.130386 0.034897 0.990849 -0.031900 0.000000 0.000000 0.000000 1.000000
0.978322 -0.156553 0.135563 0.000000 0.165193 0.984729 -0.054948 5.645700 -0.124891 0.076151 0.989244 -0.031900 0.000000 0.000000 0.000000 1.000000
0.978076 -0.158397 0.135195 0.000000 0.171384 0.981041 -0.090481 5.645700 -0.118300 0.111668 0.986679 -0.031900 0.000000 0.000000 0.000000 1.000000
0.978791 -0.159003 0.129173 0.000000 0.173918 0.978164 -0.113785 5.645700 -0.108261 0.133837 0.985072 -0.031900 0.000000 0.000000 0.000000 1.000000
0.980603 -0.156887 0.117492 -0.000000 0.172382 0.975595 -0.136012 5.645700 -0.093286 0.153627 0.983716 -0.031900 0.000000 0.000000 0.000000 1.000000
0.983211 -0.149741 0.104282 0.000000 0.165851 0.971650 -0.168492 5.645700 -0.076095 0.182958 0.980171 -0.031900 0.000000 0.000000 0.000000 1.000000
0.986004 -0.138832 0.092313 0.000000 0.155250 0.966407 -0.204829 5.645700 -0.060775 0.216294 0.974435 -0.031900 0.000000 0.000000 0.000000 1.000000
0.988884 -0.125395 0.079909 0.000000 0.140852 0.962176 -0.233189 5.645700 -0.047646 0.241852 0.969143 -0.031900 0.000000 0.000000 0.000000 1.000000
0.992042 -0.107482 0.065582 0.000000 0.120704 0.960062 -0.252412 5.645700 -0.035833 0.258319 0.965395 -0.031900 0.000000 0.000000 0.000000 1.000000
0.995249 -0.083688 0.049756 0.000000 0.093974 0.959352 -0.266107 5.645700 -0.025464 0.269518 0.962659 -0.031900 0.000000 0.000000 0.000000 1.000000
0.997880 -0.057047 0.031309 -0.000000 0.063439 0.959993 -0.272745 5.645700 -0.014497 0.274153 0.961577 -0.031900 0.000000 0.000000 0.000000 1.000000
0.999425 -0.032144 0.010763 0.000000 0.033858 0.962015 -0.270888 5.645700 -0.001647 0.271096 0.962551 -0.031900 0.000000 0.000000 0.000000 1.000000
0.999938 -0.010504 -0.003758 0.000000 0.009133 0.964217 -0.264958 5.645700 0.006407 0.264907 0.964253 -0.031900 0.000000 0.000000 0.000000 1.000000
0.999946 0.009323 -0.004504 -0.000000 -0.010169 0.966239 -0.257446 5.645700 0.001952 0.257478 0.966282 -0.031900 0.000000 0.000000 0.000000 1.000000
0.999574 0.028394 0.006730 0.000000 -0.025890 0.969352 -0.244309 5.645700 -0.013460 0.244031 0.969674 -0.031900 0.000000 0.000000 0.000000 1.000000
0.998698 0.045814 0.022430 0.000000 -0.039645 0.973815 -0.223860 5.645700 -0.032099 0.222680 0.974363 -0.031900 0.000000 0.000000 0.000000 1.000000
0.997529 0.059055 0.038045 0.000000 -0.050161 0.977937 -0.202790 5.645700 -0.049181 0.200380 0.978483 -0.031900 0.000000 0.000000 0.000000 1.000000
0.996461 0.066942 0.050845 0.000000 -0.056278 0.980548 -0.188037 5.645700 -0.062443 0.184510 0.980845 -0.031900 0.000000 0.000000 0.000000 1.000000
0.995816 0.070818 0.057750 0.000000 -0.059496 0.982145 -0.178472 5.645700 -0.069358 0.174290 0.982249 -0.031900 0.000000 0.000000 0.000000 1.000000
0.995640 0.071791 0.059559 -0.000000 -0.060802 0.983687 -0.169304 5.645700 -0.070742 0.164944 0.983763 -0.031900 0.000000 0.000000 0.000000 1.000000
0.995669 0.069885 0.061317 0.000000 -0.059280 0.985276 -0.160365 5.645700 -0.071622 0.156035 0.985151 -0.031900 0.000000 0.000000 0.000000 1.000000
0.995653 0.066161 0.065558 -0.000000 -0.055358 0.986403 -0.154740 5.645700 -0.074904 0.150438 0.985778 -0.031900 0.000000 0.000000 0.000000 1.000000
0.995555 0.062008 0.070890 -0.000000 -0.050658 0.987085 -0.151979 5.645700 -0.079399 0.147712 0.985838 -0.031900 0.000000 0.000000 0.000000 1.000000
0.995401 0.057696 0.076469 -0.000000 -0.045711 0.987609 -0.150127 5.645700 -0.084183 0.145941 0.985705 -0.031900 0.000000 0.000000 0.000000 1.000000
0.995172 0.053347 0.082380 0.000000 -0.040625 0.987997 -0.149038 5.645700 -0.089342 0.144972 0.985394 -0.031900 0.000000 0.000000 0.000000 1.000000
0.994857 0.049219 0.088530 0.000000 -0.035657 0.988236 -0.148721 5.645700 -0.094809 0.144799 0.984908 -0.031900 0.000000 0.000000 0.000000 1.000000
0.994465 0.045423 0.094745 -0.000000 -0.030970 0.988385 -0.148784 5.645700 -0.100403 0.145026 0.984320 -0.031900 0.000000 0.000000 0.000000 1.000000
0.993985 0.042313 0.101014 0.000000 -0.026899 0.988419 -0.149345 5.645700 -0.106163 0.145729 0.983612 -0.031900 0.000000 0.000000 0.000000 1.000000
0.993368 0.040536 0.107600 0.000000 -0.023930 0.988189 -0.151359 5.645700 -0.112464 0.147780 0.982605 -0.031900 0.000000 0.000000 0.000000 1.000000
0.992715 0.039133 0.113952 0.000000 -0.021243 0.987816 -0.154171 5.645700 -0.118597 0.150627 0.981451 -0.031900 0.000000 0.000000 0.000000 1.000000
0.992059 0.037822 0.119953 0.000000 -0.018734 0.987511 -0.156430 5.645700 -0.124371 0.152941 0.980378 -0.031900 0.000000 0.000000 0.000000 1.000000
0.991416 0.036603 0.125514 0.000000 -0.016382 0.987223 -0.158500 5.645700 -0.129712 0.155083 0.979349 -0.031900 0.000000 0.000000 0.000000 1.000000</float_array>
        <technique_common>
          <accessor source="#mixamorig_Spine-Matrix-animation-output-transform-array" count="44" stride="16">
            <param type="float4x4"/>
          </accessor>
        </technique_common>
      </source>
      <source id="mixamorig_Spine-Interpolations">
        <Name_array id="mixamorig_Spine-Interpolations-array" count="44">
 LINEAR LINEAR LINEAR LINEAR LINEAR LINEAR LINEAR LINEAR LINEAR LINEAR LINEAR
LINEAR LINEAR LINEAR LINEAR LINEAR LINEAR LINEAR LINEAR LINEAR LINEAR LINEAR LINEAR
LINEAR LINEAR LINEAR LINEAR LINEAR LINEAR LINEAR LINEAR LINEAR LINEAR LINEAR LINEAR
LINEAR LINEAR LINEAR LINEAR LINEAR LINEAR LINEAR LINEAR LINEAR</Name_array>
        <technique_common>
          <accessor source="#mixamorig_Spine-Interpolations-array" count="44">
            <param type="name"/>
          </accessor>
        </technique_common>
      </source>
      <sampler id="mixamorig_Spine-Matrix-animation-transform">
        <input semantic="INPUT" source="#mixamorig_Spine-Matrix-animation-input"/>
        <input semantic="OUTPUT" source="#mixamorig_Spine-Matrix-animation-output-transform"/>
        <input semantic="INTERPOLATION" source="#mixamorig_Spine-Interpolations"/>
      </sampler>
      <channel source="#mixamorig_Spine-Matrix-animation-transform" target="mixamorig_Spine/matrix"/>
    </animation>
    <animation id="mixamorig_Spine1-anim" name="mixamorig_Spine1">
      <source id="mixamorig_Spine1-Matrix-animation-input">
        <float_array id="mixamorig_Spine1-Matrix-animation-input-array" count="44">

0.000000 0.033333 0.066667 0.100000 0.133333 0.166667 0.200000 0.233333 0.266667 0.300000 0.333333 0.366667 0.400000 0.433333 0.466667 0.500000
0.533333 0.566667 0.600000 0.633333 0.666667 0.700000 0.733333 0.766667 0.800000 0.833333 0.866667 0.900000 0.933333 0.966667 1.000000 1.033333
1.066667 1.100000 1.133333 1.166667 1.200000 1.233333 1.266667 1.300000 1.333333 1.366667 1.400000 1.433333</float_array>
        <technique_common>
          <accessor source="#mixamorig_Spine1-Matrix-animation-input-array" count="44">
            <param name="TIME" type="float"/>
          </accessor>
        </technique_common>
      </source>
      <source id="mixamorig_Spine1-Matrix-animation-output-transform">
        <float_array id="mixamorig_Spine1-Matrix-animation-output-transform-array" count="704">

0.999723 0.015880 0.017366 0.000000 -0.015208 0.999156 -0.038168 6.586800 -0.017958 0.037893 0.999120 0.000000 0.000000 0.000000 0.000000 1.000000
0.999721 0.020170 0.012277 -0.000000 -0.019362 0.997847 -0.062667 6.586800 -0.013515 0.062411 0.997959 0.000000 0.000000 0.000000 0.000000 1.000000
0.999465 0.022393 0.023858 0.000000 -0.020713 0.997439 -0.068463 6.586800 -0.025330 0.067932 0.997368 0.000000 0.000000 0.000000 0.000000 1.000000
0.997746 0.030881 0.059580 0.000000 -0.027735 0.998214 -0.052911 6.586800 -0.061108 0.051140 0.996820 -0.000000 0.000000 0.000000 0.000000 1.000000
0.994330 0.046939 0.095419 0.000000 -0.042697 0.998027 -0.046031 6.586800 -0.097391 0.041696 0.994372 0.000000 0.000000 0.000000 0.000000 1.000000
0.992603 0.055397 0.108027 0.000000 -0.048886 0.996877 -0.062016 6.586800 -0.111125 0.056277 0.992212 0.000000 0.000000 0.000000 0.000000 1.000000
0.993280 0.047895 0.105360 0.000000 -0.039443 0.995942 -0.080891 6.586800 -0.108807 0.076192 0.991139 -0.000000 0.000000 0.000000 0.000000 1.000000
0.994046 0.032538 0.103994 0.000000 -0.023227 0.995714 -0.089523 6.586800 -0.106462 0.086575 0.990541 0.000000 0.000000 0.000000 0.000000 1.000000
0.994036 0.016159 0.107846 -0.000000 -0.005854 0.995442 -0.095187 6.586800 -0.108893 0.093988 0.989600 0.000000 0.000000 0.000000 0.000000 1.000000
0.993546 0.001371 0.113423 -0.000000 0.011356 0.993701 -0.111486 6.586800 -0.112862 0.112054 0.987272 0.000000 0.000000 0.000000 0.000000 1.000000
0.993138 -0.011849 0.116344 0.000000 0.027473 0.990652 -0.133619 6.586800 -0.113673 0.135899 0.984180 -0.000000 0.000000 0.000000 0.000000 1.000000
0.992955 -0.021550 0.116516 0.000000 0.039635 0.987087 -0.155206 6.586800 -0.111667 0.158731 0.980987 0.000000 0.000000 0.000000 0.000000 1.000000
0.992774 -0.027913 0.116711 0.000000 0.048469 0.982980 -0.177202 6.586800 -0.109778 0.181579 0.977230 -0.000000 0.000000 0.000000 0.000000 1.000000
0.992463 -0.032899 0.118050 0.000000 0.056278 0.978064 -0.200559 6.586800 -0.108862 0.205691 0.972543 0.000000 0.000000 0.000000 0.000000 1.000000
0.992252 -0.036960 0.118620 0.000000 0.062484 0.973652 -0.219310 6.586800 -0.107389 0.225023 0.968418 0.000000 0.000000 0.000000 0.000000 1.000000
0.992494 -0.039691 0.115675 0.000000 0.065621 0.971012 -0.229847 6.586800 -0.103199 0.235712 0.966328 0.000000 0.000000 0.000000 0.000000 1.000000
0.993212 -0.041121 0.108806 0.000000 0.066363 0.968567 -0.239737 6.586800 -0.095528 0.245330 0.964722 -0.000000 0.000000 0.000000 0.000000 1.000000
0.994076 -0.040835 0.100721 -0.000000 0.065666 0.964120 -0.257219 6.586800 -0.086604 0.262309 0.961090 0.000000 0.000000 0.000000 0.000000 1.000000
0.994902 -0.037956 0.093432 -0.000000 0.062773 0.958189 -0.279167 6.586800 -0.078930 0.283609 0.955686 0.000000 0.000000 0.000000 0.000000 1.000000
0.995808 -0.031611 0.085829 0.000000 0.055935 0.952922 -0.298011 6.586800 -0.072368 0.301562 0.950696 -0.000000 0.000000 0.000000 0.000000 1.000000
0.996853 -0.021238 0.076369 -0.000000 0.044099 0.949171 -0.311657 6.586800 -0.065868 0.314044 0.947121 0.000000 0.000000 0.000000 0.000000 1.000000
0.997883 -0.008075 0.064531 0.000000 0.028348 0.947040 -0.319862 6.586800 -0.058531 0.321014 0.945264 0.000000 0.000000 0.000000 0.000000 1.000000
0.998754 0.005393 0.049619 0.000000 0.010821 0.947105 -0.320741 6.586800 -0.048724 0.320878 0.945866 -0.000000 0.000000 0.000000 0.000000 1.000000
0.999281 0.018671 0.032985 0.000000 -0.007296 0.948732 -0.315999 6.586800 -0.037194 0.315531 0.948186 0.000000 0.000000 0.000000 0.000000 1.000000
0.999259 0.032707 0.020292 0.000000 -0.024813 0.950415 -0.309994 6.586800 -0.029425 0.309261 0.950522 0.000000 0.000000 0.000000 0.000000 1.000000
0.998754 0.047064 0.016611 0.000000 -0.039831 0.952181 -0.302929 6.586800 -0.030074 0.301889 0.952868 0.000000 0.000000 0.000000 0.000000 1.000000
0.998017 0.059542 0.020416 0.000000 -0.051117 0.955930 -0.289110 6.586800 -0.036730 0.287493 0.957078 0.000000 0.000000 0.000000 0.000000 1.000000
0.997255 0.069004 0.026855 -0.000000 -0.059359 0.961829 -0.267136 6.586800 -0.044264 0.264808 0.963285 0.000000 0.000000 0.000000 0.000000 1.000000
0.996606 0.075332 0.033177 0.000000 -0.065036 0.967683 -0.243638 6.586800 -0.050458 0.240653 0.969299 0.000000 0.000000 0.000000 0.000000 1.000000
0.996213 0.078411 0.037577 0.000000 -0.068033 0.972050 -0.224700 6.586800 -0.054145 0.221293 0.973703 0.000000 0.000000 0.000000 0.000000 1.000000
0.996183 0.078686 0.037801 0.000000 -0.069091 0.975362 -0.209513 6.586800 -0.053355 0.206101 0.977075 0.000000 0.000000 0.000000 0.000000 1.000000
0.996464 0.076711 0.034274 0.000000 -0.068638 0.978497 -0.194503 6.586800 -0.048458 0.191463 0.980303 0.000000 0.000000 0.000000 0.000000 1.000000
0.996891 0.072684 0.030417 0.000000 -0.066108 0.981620 -0.179029 6.586800 -0.042870 0.176462 0.983373 0.000000 0.000000 0.000000 0.000000 1.000000
0.997329 0.067426 0.028067 0.000000 -0.061930 0.984454 -0.164365 6.586800 -0.038713 0.162188 0.986000 -0.000000 0.000000 0.000000 0.000000 1.000000
0.997737 0.061850 0.026370 0.000000 -0.057210 0.986978 -0.150338 6.586800 -0.035325 0.148490 0.988283 0.000000 0.000000 0.000000 0.000000 1.000000
0.998116 0.056144 0.024735 0.000000 -0.052269 0.989285 -0.136318 6.586800 -0.032124 0.134768 0.990356 0.000000 0.000000 0.000000 0.000000 1.000000
0.998461 0.050352 0.023261 0.000000 -0.047142 0.991359 -0.122417 6.586800 -0.029224 0.121132 0.992206 0.000000 0.000000 0.000000 0.000000 1.000000
0.998764 0.044605 0.021941 0.000000 -0.041966 0.993181 -0.108768 6.586800 -0.026643 0.107713 0.993825 0.000000 0.000000 0.000000 0.000000 1.000000
0.999025 0.038997 0.020704 0.000000 -0.036854 0.994760 -0.095367 6.586800 -0.024315 0.094511 0.995227 0.000000 0.000000 0.000000 0.000000 1.000000
0.999241 0.033665 0.019612 -0.000000 -0.031943 0.996090 -0.082372 6.586800 -0.022309 0.081683 0.996409 0.000000 0.000000 0.000000 0.000000 1.000000
0.999402 0.028866 0.019012 -0.000000 -0.027462 0.997141 -0.070391 6.586800 -0.020989 0.069827 0.997338 0.000000 0.000000 0.000000 0.000000 1.000000
0.999536 0.024264 0.018432 0.000000 -0.023140 0.997993 -0.058939 6.586800 -0.019826 0.058485 0.998091 0.000000 0.000000 0.000000 0.000000 1.000000
0.999642 0.019916 0.017881 0.000000 -0.019035 0.998659 -0.048152 6.586800 -0.018816 0.047795 0.998680 0.000000 0.000000 0.000000 0.000000 1.000000
0.999723 0.015880 0.017366 -0.000000 -0.015208 0.999156 -0.038168 6.586800 -0.017958 0.037893 0.999120 0.000000 0.000000 0.000000 0.000000 1.000000</float_array>
        <technique_common>
          <accessor source="#mixamorig_Spine1-Matrix-animation-output-transform-array" count="44" stride="16">
            <param type="float4x4"/>
          </accessor>
        </technique_common>
      </source>
      <source id="mixamorig_Spine1-Interpolations">
        <Name_array id="mixamorig_Spine1-Interpolations-array" count="44">
 LINEAR LINEAR LINEAR LINEAR LINEAR LINEAR LINEAR LINEAR LINEAR LINEAR LINEAR
LINEAR LINEAR LINEAR LINEAR LINEAR LINEAR LINEAR LINEAR LINEAR LINEAR LINEAR LINEAR
LINEAR LINEAR LINEAR LINEAR LINEAR LINEAR LINEAR LINEAR LINEAR LINEAR LINEAR LINEAR
LINEAR LINEAR LINEAR LINEAR LINEAR LINEAR LINEAR LINEAR LINEAR</Name_array>
        <technique_common>
          <accessor source="#mixamorig_Spine1-Interpolations-array" count="44">
            <param type="name"/>
          </accessor>
        </technique_common>
      </source>
      <sampler id="mixamorig_Spine1-Matrix-animation-transform">
        <input semantic="INPUT" source="#mixamorig_Spine1-Matrix-animation-input"/>
        <input semantic="OUTPUT" source="#mixamorig_Spine1-Matrix-animation-output-transform"/>
        <input semantic="INTERPOLATION" source="#mixamorig_Spine1-Interpolations"/>
      </sampler>
      <channel source="#mixamorig_Spine1-Matrix-animation-transform" target="mixamorig_Spine1/matrix"/>
    </animation>
    <animation id="mixamorig_Spine2-anim" name="mixamorig_Spine2">
      <source id="mixamorig_Spine2-Matrix-animation-input">
        <float_array id="mixamorig_Spine2-Matrix-animation-input-array" count="44">

0.000000 0.033333 0.066667 0.100000 0.133333 0.166667 0.200000 0.233333 0.266667 0.300000 0.333333 0.366667 0.400000 0.433333 0.466667 0.500000
0.533333 0.566667 0.600000 0.633333 0.666667 0.700000 0.733333 0.766667 0.800000 0.833333 0.866667 0.900000 0.933333 0.966667 1.000000 1.033333
1.066667 1.100000 1.133333 1.166667 1.200000 1.233333 1.266667 1.300000 1.333333 1.366667 1.400000 1.433333</float_array>
        <technique_common>
          <accessor source="#mixamorig_Spine2-Matrix-animation-input-array" count="44">
            <param name="TIME" type="float"/>
          </accessor>
        </technique_common>
      </source>
      <source id="mixamorig_Spine2-Matrix-animation-output-transform">
        <float_array id="mixamorig_Spine2-Matrix-animation-output-transform-array" count="704">

0.999731 0.015506 0.017240 0.000000 -0.014834 0.999151 -0.038431 7.527800 -0.017821 0.038165 0.999113 0.000000 0.000000 0.000000 0.000000 1.000000
0.999734 0.019809 0.011820 -0.000000 -0.019027 0.997833 -0.062994 7.527800 -0.013042 0.062752 0.997944 -0.000000 0.000000 0.000000 0.000000 1.000000
0.999499 0.021757 0.022990 0.000000 -0.020129 0.997426 -0.068827 7.527800 -0.024429 0.068330 0.997364 0.000000 0.000000 0.000000 0.000000 1.000000
0.997852 0.029604 0.058445 0.000000 -0.026504 0.998236 -0.053124 7.527800 -0.059915 0.051461 0.996876 0.000000 0.000000 0.000000 0.000000 1.000000
0.994525 0.045120 0.094261 -0.000000 -0.040924 0.998104 -0.045981 7.527800 -0.096157 0.041872 0.994485 0.000000 0.000000 0.000000 0.000000 1.000000
0.992829 0.053527 0.106887 -0.000000 -0.047084 0.996970 -0.061915 7.527800 -0.109877 0.056439 0.992342 0.000000 0.000000 0.000000 0.000000 1.000000
0.993489 0.046233 0.104126 -0.000000 -0.037860 0.995995 -0.080998 7.527800 -0.107454 0.076529 0.991260 0.000000 0.000000 0.000000 0.000000 1.000000
0.994248 0.030903 0.102552 -0.000000 -0.021682 0.995720 -0.089846 7.527800 -0.104889 0.087106 0.990662 -0.000000 0.000000 0.000000 0.000000 1.000000
0.994254 0.014280 0.106086 -0.000000 -0.004095 0.995411 -0.095609 7.527800 -0.106964 0.094625 0.989750 0.000000 0.000000 0.000000 0.000000 1.000000
0.993785 -0.000777 0.111316 0.000000 0.013320 0.993621 -0.111980 7.527800 -0.110519 0.112767 0.987456 -0.000000 0.000000 0.000000 0.000000 1.000000
0.993391 -0.014151 0.113901 0.000000 0.029508 0.990501 -0.134298 7.527800 -0.110918 0.136772 0.984373 -0.000000 0.000000 0.000000 0.000000 1.000000
0.993231 -0.023974 0.113651 0.000000 0.041699 0.986837 -0.156253 7.527800 -0.108409 0.159934 0.981157 0.000000 0.000000 0.000000 0.000000 1.000000
0.993085 -0.030442 0.113384 0.000000 0.050525 0.982604 -0.178708 7.527800 -0.105971 0.183201 0.977347 0.000000 0.000000 0.000000 0.000000 1.000000
0.992815 -0.035376 0.114308 -0.000000 0.058146 0.977557 -0.202488 7.527800 -0.104579 0.207680 0.972590 0.000000 0.000000 0.000000 0.000000 1.000000
0.992632 -0.039159 0.114662 0.000000 0.063982 0.973039 -0.221588 7.527800 -0.102893 0.227291 0.968376 0.000000 0.000000 0.000000 0.000000 1.000000
0.992869 -0.041441 0.111774 -0.000000 0.066655 0.970352 -0.232324 7.527800 -0.098832 0.238118 0.966195 0.000000 0.000000 0.000000 0.000000 1.000000
0.993548 -0.042344 0.105209 0.000000 0.066894 0.967929 -0.242155 7.527800 -0.091581 0.247630 0.964517 0.000000 0.000000 0.000000 0.000000 1.000000
0.994363 -0.041531 0.097557 0.000000 0.065692 0.963538 -0.259381 7.527800 -0.083228 0.264328 0.960835 0.000000 0.000000 0.000000 0.000000 1.000000
0.995140 -0.038172 0.090774 0.000000 0.062370 0.957671 -0.281026 7.527800 -0.076205 0.285321 0.955398 0.000000 0.000000 0.000000 0.000000 1.000000
0.995989 -0.031432 0.083768 -0.000000 0.055252 0.952481 -0.299545 7.527800 -0.070372 0.302972 0.950398 0.000000 0.000000 0.000000 0.000000 1.000000
0.996973 -0.020790 0.074923 0.000000 0.043296 0.948817 -0.312844 7.527800 -0.064584 0.315141 0.946845 0.000000 0.000000 0.000000 0.000000 1.000000
0.997946 -0.007476 0.063626 -0.000000 0.027542 0.946768 -0.320736 7.527800 -0.057841 0.321830 0.945029 0.000000 0.000000 0.000000 0.000000 1.000000
0.998772 0.006034 0.049169 0.000000 0.010101 0.946898 -0.321375 7.527800 -0.048498 0.321477 0.945675 0.000000 0.000000 0.000000 0.000000 1.000000
0.999273 0.019266 0.032900 0.000000 -0.007869 0.948570 -0.316469 7.527800 -0.037305 0.315980 0.948032 0.000000 0.000000 0.000000 0.000000 1.000000
0.999236 0.033279 0.020498 -0.000000 -0.025282 0.950283 -0.310359 7.527800 -0.029807 0.309604 0.950398 0.000000 0.000000 0.000000 0.000000 1.000000
0.998713 0.047743 0.017108 0.000000 -0.040320 0.952077 -0.303190 7.527800 -0.030763 0.302110 0.952776 0.000000 0.000000 0.000000 0.000000 1.000000
0.997950 0.060393 0.021195 0.000000 -0.051704 0.955867 -0.289214 7.527800 -0.037726 0.287525 0.957030 -0.000000 0.000000 0.000000 0.000000 1.000000
0.997164 0.069945 0.027794 0.000000 -0.060023 0.961815 -0.267039 7.527800 -0.045411 0.264613 0.963285 0.000000 0.000000 0.000000 0.000000 1.000000
0.996506 0.076241 0.034099 0.000000 -0.065710 0.967707 -0.243363 7.527800 -0.051552 0.240272 0.969336 0.000000 0.000000 0.000000 0.000000 1.000000
0.996119 0.079210 0.038384 0.000000 -0.068655 0.972092 -0.224331 7.527800 -0.055082 0.220825 0.973757 0.000000 0.000000 0.000000 0.000000 1.000000
0.996106 0.079319 0.038481 0.000000 -0.069591 0.975406 -0.209142 7.527800 -0.054123 0.205650 0.977128 -0.000000 0.000000 0.000000 0.000000 1.000000
0.996413 0.077129 0.034826 0.000000 -0.068958 0.978536 -0.194197 7.527800 -0.049057 0.191099 0.980344 0.000000 0.000000 0.000000 0.000000 1.000000
0.996864 0.072884 0.030824 0.000000 -0.066242 0.981651 -0.178813 7.527800 -0.043291 0.176211 0.983400 0.000000 0.000000 0.000000 0.000000 1.000000
0.997319 0.067469 0.028344 0.000000 -0.061933 0.984476 -0.164229 7.527800 -0.038984 0.162033 0.986015 0.000000 0.000000 0.000000 0.000000 1.000000
0.997736 0.061794 0.026554 0.000000 -0.057129 0.986994 -0.150261 7.527800 -0.035494 0.148404 0.988290 0.000000 0.000000 0.000000 0.000000 1.000000
0.998121 0.056010 0.024846 -0.000000 -0.052122 0.989297 -0.136293 7.527800 -0.032214 0.134742 0.990357 -0.000000 0.000000 0.000000 0.000000 1.000000
0.998469 0.050156 0.023311 0.000000 -0.046940 0.991365 -0.122439 7.527800 -0.029250 0.121157 0.992202 0.000000 0.000000 0.000000 0.000000 1.000000
0.998775 0.044359 0.021940 0.000000 -0.041720 0.993184 -0.108834 7.527800 -0.026618 0.107785 0.993818 0.000000 0.000000 0.000000 0.000000 1.000000
0.999037 0.038707 0.020660 0.000000 -0.036567 0.994760 -0.095475 7.527800 -0.024247 0.094628 0.995217 -0.000000 0.000000 0.000000 0.000000 1.000000
0.999252 0.033391 0.019521 0.000000 -0.031673 0.996086 -0.082522 7.527800 -0.022200 0.081842 0.996398 0.000000 0.000000 0.000000 0.000000 1.000000
0.999413 0.028564 0.018911 0.000000 -0.027164 0.997137 -0.070569 7.527800 -0.020873 0.070014 0.997328 -0.000000 0.000000 0.000000 0.000000 1.000000
0.999546 0.023936 0.018322 -0.000000 -0.022815 0.997989 -0.059145 7.527800 -0.019701 0.058701 0.998081 -0.000000 0.000000 0.000000 0.000000 1.000000
0.999651 0.019564 0.017763 -0.000000 -0.018685 0.998654 -0.048388 7.527800 -0.018685 0.048039 0.998671 0.000000 0.000000 0.000000 0.000000 1.000000
0.999731 0.015506 0.017240 0.000000 -0.014834 0.999151 -0.038431 7.527800 -0.017821 0.038165 0.999113 0.000000 0.000000 0.000000 0.000000 1.000000</float_array>
        <technique_common>
          <accessor source="#mixamorig_Spine2-Matrix-animation-output-transform-array" count="44" stride="16">
            <param type="float4x4"/>
          </accessor>
        </technique_common>
      </source>
      <source id="mixamorig_Spine2-Interpolations">
        <Name_array id="mixamorig_Spine2-Interpolations-array" count="44">
 LINEAR LINEAR LINEAR LINEAR LINEAR LINEAR LINEAR LINEAR LINEAR LINEAR LINEAR
LINEAR LINEAR LINEAR LINEAR LINEAR LINEAR LINEAR LINEAR LINEAR LINEAR LINEAR LINEAR
LINEAR LINEAR LINEAR LINEAR LINEAR LINEAR LINEAR LINEAR LINEAR LINEAR LINEAR LINEAR
LINEAR LINEAR LINEAR LINEAR LINEAR LINEAR LINEAR LINEAR LINEAR</Name_array>
        <technique_common>
          <accessor source="#mixamorig_Spine2-Interpolations-array" count="44">
            <param type="name"/>
          </accessor>
        </technique_common>
      </source>
      <sampler id="mixamorig_Spine2-Matrix-animation-transform">
        <input semantic="INPUT" source="#mixamorig_Spine2-Matrix-animation-input"/>
        <input semantic="OUTPUT" source="#mixamorig_Spine2-Matrix-animation-output-transform"/>
        <input semantic="INTERPOLATION" source="#mixamorig_Spine2-Interpolations"/>
      </sampler>
      <channel source="#mixamorig_Spine2-Matrix-animation-transform" target="mixamorig_Spine2/matrix"/>
    </animation>
    <animation id="mixamorig_Neck-anim" name="mixamorig_Neck">
      <source id="mixamorig_Neck-Matrix-animation-input">
        <float_array id="mixamorig_Neck-Matrix-animation-input-array" count="44">

0.000000 0.033333 0.066667 0.100000 0.133333 0.166667 0.200000 0.233333 0.266667 0.300000 0.333333 0.366667 0.400000 0.433333 0.466667 0.500000
0.533333 0.566667 0.600000 0.633333 0.666667 0.700000 0.733333 0.766667 0.800000 0.833333 0.866667 0.900000 0.933333 0.966667 1.000000 1.033333
1.066667 1.100000 1.133333 1.166667 1.200000 1.233333 1.266667 1.300000 1.333333 1.366667 1.400000 1.433333</float_array>
        <technique_common>
          <accessor source="#mixamorig_Neck-Matrix-animation-input-array" count="44">
            <param name="TIME" type="float"/>
          </accessor>
        </technique_common>
      </source>
      <source id="mixamorig_Neck-Matrix-animation-output-transform">
        <float_array id="mixamorig_Neck-Matrix-animation-output-transform-array" count="704">

0.970444 -0.077035 0.228700 0.000000 0.080756 0.996710 -0.006943 8.468700 -0.227413 0.025207 0.973472 -0.000000 0.000000 0.000000 0.000000 1.000000
0.979304 -0.053636 0.195157 0.000000 0.058252 0.998140 -0.017989 8.468700 -0.193829 0.028985 0.980607 0.000000 0.000000 0.000000 0.000000 1.000000
0.988547 -0.012814 0.150368 0.000000 0.014283 0.999860 -0.008693 8.468700 -0.150236 0.010741 0.988592 -0.000000 0.000000 0.000000 0.000000 1.000000
0.994895 0.025367 0.097677 0.000000 -0.030831 0.998019 0.054845 8.468700 -0.096092 -0.057577 0.993706 -0.000000 0.000000 0.000000 0.000000 1.000000
0.998548 0.026170 0.047093 -0.000000 -0.032780 0.988806 0.145565 8.468700 -0.042756 -0.146897 0.988227 0.000000 0.000000 0.000000 0.000000 1.000000
0.999991 -0.002314 0.003631 0.000000 0.001489 0.977091 0.212816 8.468700 -0.004041 -0.212809 0.977086 0.000000 0.000000 0.000000 0.000000 1.000000
0.999186 -0.020937 -0.034493 -0.000000 0.028873 0.968139 0.248741 8.468700 0.028186 -0.249535 0.967956 0.000000 0.000000 0.000000 0.000000 1.000000
0.997776 -0.018088 -0.064162 -0.000000 0.034225 0.964951 0.260190 8.468700 0.057207 -0.261807 0.963423 -0.000000 0.000000 0.000000 0.000000 1.000000
0.996957 -0.007849 -0.077553 -0.000000 0.026946 0.968285 0.248392 8.468700 0.073144 -0.249726 0.965550 -0.000000 0.000000 0.000000 0.000000 1.000000
0.996748 0.001492 -0.080563 -0.000000 0.016567 0.974674 0.223018 8.468700 0.078855 -0.223627 0.971480 0.000000 0.000000 0.000000 0.000000 1.000000
0.996824 0.002715 -0.079589 0.000000 0.012960 0.980564 0.195771 8.468700 0.078573 -0.196181 0.977415 0.000000 0.000000 0.000000 0.000000 1.000000
0.996777 -0.007649 -0.079853 0.000000 0.020784 0.986077 0.164985 8.468700 0.077479 -0.166113 0.983058 0.000000 0.000000 0.000000 0.000000 1.000000
0.996245 -0.023330 -0.083377 0.000000 0.033987 0.991091 0.128778 8.468700 0.079630 -0.131128 0.988162 -0.000000 0.000000 0.000000 0.000000 1.000000
0.995375 -0.033596 -0.090004 -0.000000 0.041803 0.994981 0.090909 8.468700 0.086498 -0.094251 0.991784 0.000000 0.000000 0.000000 0.000000 1.000000
0.994703 -0.033421 -0.097203 0.000000 0.038551 0.997934 0.051390 8.468700 0.095285 -0.054865 0.993937 -0.000000 0.000000 0.000000 0.000000 1.000000
0.994450 -0.026763 -0.101746 0.000000 0.027918 0.999561 0.009946 8.468700 0.101435 -0.012732 0.994761 0.000000 0.000000 0.000000 0.000000 1.000000
0.994521 -0.018940 -0.102804 0.000000 0.016351 0.999529 -0.025968 8.468700 0.103247 0.024145 0.994363 0.000000 0.000000 0.000000 0.000000 1.000000
0.994859 -0.008652 -0.100901 0.000000 0.003646 0.998758 -0.049687 8.468700 0.101206 0.049063 0.993655 0.000000 0.000000 0.000000 0.000000 1.000000
0.995393 0.006557 -0.095658 0.000000 -0.012605 0.997949 -0.062762 8.468700 0.095050 0.063679 0.993434 0.000000 0.000000 0.000000 0.000000 1.000000
