<?xml version="1.0" encoding="utf-8"?>
<COLLADA xmlns="http://www.collada.org/2005/11/COLLADASchema" version="1.4.1">
  <asset>
    <contributor>
      <author>Mixamo</author>
      <authoring_tool>COLLADA Mixamo exporter</authoring_tool>
      <comments/>
    </contributor>
    <created>2023-06-05T16:01:30Z</created>
    <modified>2023-06-05T16:01:30Z</modified>
    <revision/>
    <title/>
    <unit meter="0.010000"/>
    <up_axis>Y_UP</up_axis>
  </asset>
  <library_animations>
    <animation id="mixamorig_Hips-anim" name="mixamorig_Hips">
      <source id="mixamorig_Hips-Matrix-animation-input">
        <float_array id="mixamorig_Hips-Matrix-animation-input-array" count="59">

0.000000 0.033333 0.066667 0.100000 0.133333 0.166667 0.200000 0.233333 0.266667 0.300000 0.333333 0.366667 0.400000 0.433333 0.466667 0.500000
0.533333 0.566667 0.600000 0.633333 0.666667 0.700000 0.733333 0.766667 0.800000 0.833333 0.866667 0.900000 0.933333 0.966667 1.000000 1.033333
1.066667 1.100000 1.133333 1.166667 1.200000 1.233333 1.266667 1.300000 1.333333 1.366667 1.400000 1.433333 1.466667 1.500000 1.533333 1.566667
1.600000 1.633333 1.666667 1.700000 1.733333 1.766667 1.800000 1.833333 1.866667 1.900000 1.933333</float_array>
        <technique_common>
          <accessor source="#mixamorig_Hips-Matrix-animation-input-array" count="59">
            <param name="TIME" type="float"/>
          </accessor>
        </technique_common>
      </source>
      <source id="mixamorig_Hips-Matrix-animation-output-transform">
        <float_array id="mixamorig_Hips-Matrix-animation-output-transform-array" count="944">

0.730988 0.051999 -0.680406 -0.118503 0.001281 0.996986 0.077570 96.323334 0.682389 -0.057575 0.728718 -0.790247 0.000000 0.000000 0.000000 1.000000
0.730684 0.052241 -0.680714 -0.105568 0.001290 0.996961 0.077896 96.331589 0.682715 -0.057796 0.728396 -0.801709 0.000000 0.000000 0.000000 1.000000
0.730469 0.052448 -0.680929 -0.091416 0.001299 0.996938 0.078182 96.340294 0.682945 -0.057994 0.728164 -0.808649 0.000000 0.000000 0.000000 1.000000
0.730474 0.052802 -0.680896 -0.077109 0.001134 0.996912 0.078524 96.350143 0.682939 -0.058132 0.728158 -0.807782 0.000000 0.000000 0.000000 1.000000
0.730766 0.053186 -0.680553 -0.065676 0.000914 0.996883 0.078888 96.361259 0.682628 -0.058271 0.728439 -0.796688 0.000000 0.000000 0.000000 1.000000
0.731278 0.053593 -0.679971 -0.058720 0.000742 0.996845 0.079366 96.373161 0.682079 -0.058543 0.728931 -0.775221 0.000000 0.000000 0.000000 1.000000
0.731854 0.054011 -0.679318 -0.055858 0.000694 0.996795 0.080001 96.386406 0.681462 -0.059021 0.729470 -0.745253 0.000000 0.000000 0.000000 1.000000
0.732322 0.054435 -0.678779 -0.055471 0.000723 0.996737 0.080714 96.403046 0.680958 -0.059599 0.729893 -0.708401 0.000000 0.000000 0.000000 1.000000
0.732590 0.054743 -0.678465 -0.056186 0.000793 0.996691 0.081276 96.425064 0.680670 -0.060079 0.730123 -0.665066 0.000000 0.000000 0.000000 1.000000
0.732640 0.054921 -0.678397 -0.055938 0.000848 0.996665 0.081603 96.451164 0.680616 -0.060361 0.730150 -0.615604 0.000000 0.000000 0.000000 1.000000
0.732507 0.055053 -0.678530 -0.051376 0.000890 0.996646 0.081825 96.476662 0.680759 -0.060541 0.730001 -0.562245 0.000000 0.000000 0.000000 1.000000
0.732282 0.055278 -0.678754 -0.039794 0.000940 0.996617 0.082180 96.496185 0.681001 -0.060817 0.729753 -0.508818 0.000000 0.000000 0.000000 1.000000
0.732168 0.055618 -0.678849 -0.022878 0.001045 0.996568 0.082776 96.508018 0.681123 -0.061315 0.729597 -0.458486 0.000000 0.000000 0.000000 1.000000
0.732394 0.056022 -0.678572 -0.006847 0.001188 0.996503 0.083552 96.516129 0.680880 -0.062000 0.729766 -0.411374 0.000000 0.000000 0.000000 1.000000
0.732967 0.056498 -0.677914 0.002701 0.001241 0.996432 0.084386 96.527794 0.680263 -0.062693 0.730282 -0.365890 0.000000 0.000000 0.000000 1.000000
0.733566 0.056952 -0.677228 0.005098 0.001163 0.996376 0.085051 96.548355 0.679618 -0.063178 0.730841 -0.321540 0.000000 0.000000 0.000000 1.000000
0.733779 0.057326 -0.676965 0.004692 0.000958 0.996346 0.085409 96.577110 0.679388 -0.063320 0.731043 -0.279513 0.000000 0.000000 0.000000 1.000000
0.733490 0.057576 -0.677257 0.005736 0.000712 0.996340 0.085473 96.608475 0.679700 -0.063176 0.730765 -0.240765 0.000000 0.000000 0.000000 1.000000
0.732961 0.057754 -0.677814 0.009039 0.000498 0.996344 0.085433 96.636147 0.680270 -0.062957 0.730253 -0.204335 0.000000 0.000000 0.000000 1.000000
0.732575 0.057930 -0.678217 0.012599 0.000351 0.996340 0.085482 96.656738 0.680686 -0.062861 0.729873 -0.167545 0.000000 0.000000 0.000000 1.000000
0.732516 0.058034 -0.678272 0.013928 0.000321 0.996330 0.085594 96.671021 0.680750 -0.062917 0.729809 -0.127432 0.000000 0.000000 0.000000 1.000000
0.732716 0.058142 -0.678047 0.012482 0.000335 0.996313 0.085794 96.682411 0.680535 -0.063090 0.729994 -0.082877 0.000000 0.000000 0.000000 1.000000
0.733008 0.058222 -0.677724 0.008717 0.000379 0.996295 0.085999 96.693939 0.680220 -0.063295 0.730270 -0.035193 0.000000 0.000000 0.000000 1.000000
0.733253 0.058197 -0.677460 0.003502 0.000492 0.996285 0.086118 96.706207 0.679955 -0.063480 0.730501 0.012192 0.000000 0.000000 0.000000 1.000000
0.733344 0.058127 -0.677368 -0.001789 0.000610 0.996282 0.086154 96.717506 0.679857 -0.063594 0.730582 0.054822 0.000000 0.000000 0.000000 1.000000
0.733259 0.058002 -0.677471 -0.006448 0.000713 0.996289 0.086071 96.726082 0.679949 -0.063595 0.730497 0.088335 0.000000 0.000000 0.000000 1.000000
0.733017 0.057889 -0.677743 -0.010609 0.000734 0.996304 0.085892 96.731873 0.680210 -0.063457 0.730265 0.110341 0.000000 0.000000 0.000000 1.000000
0.732756 0.057733 -0.678038 -0.015637 0.000708 0.996329 0.085600 96.736076 0.680492 -0.063204 0.730025 0.121195 0.000000 0.000000 0.000000 1.000000
0.732572 0.057603 -0.678248 -0.021588 0.000613 0.996357 0.085281 96.738579 0.680689 -0.062890 0.729868 0.122711 0.000000 0.000000 0.000000 1.000000
0.732454 0.057520 -0.678382 -0.027226 0.000483 0.996380 0.085005 96.736092 0.680816 -0.062590 0.729775 0.115950 0.000000 0.000000 0.000000 1.000000
0.732385 0.057426 -0.678464 -0.031218 0.000419 0.996399 0.084789 96.724762 0.680890 -0.062382 0.729724 0.100723 0.000000 0.000000 0.000000 1.000000
0.732415 0.057397 -0.678434 -0.033145 0.000394 0.996404 0.084723 96.704048 0.680858 -0.062320 0.729759 0.077177 0.000000 0.000000 0.000000 1.000000
0.732623 0.057435 -0.678207 -0.034615 0.000364 0.996400 0.084775 96.679176 0.680635 -0.062355 0.729964 0.047077 0.000000 0.000000 0.000000 1.000000
0.732958 0.057525 -0.677837 -0.038023 0.000282 0.996392 0.084864 96.658630 0.680274 -0.062393 0.730298 0.013130 0.000000 0.000000 0.000000 1.000000
0.733233 0.057586 -0.677534 -0.044584 0.000155 0.996393 0.084854 96.648308 0.679977 -0.062323 0.730580 -0.022186 0.000000 0.000000 0.000000 1.000000
0.733238 0.057371 -0.677548 -0.053108 0.000125 0.996423 0.084507 96.647011 0.679972 -0.062048 0.730608 -0.058400 0.000000 0.000000 0.000000 1.000000
0.732932 0.057030 -0.677907 -0.059630 0.000142 0.996467 0.083983 96.646217 0.680302 -0.061650 0.730335 -0.096929 0.000000 0.000000 0.000000 1.000000
0.732522 0.056726 -0.678376 -0.062195 0.000180 0.996506 0.083523 96.636200 0.680744 -0.061305 0.729952 -0.138749 0.000000 0.000000 0.000000 1.000000
0.732315 0.056525 -0.678616 -0.063011 0.000244 0.996527 0.083269 96.613220 0.680966 -0.061144 0.729758 -0.181844 0.000000 0.000000 0.000000 1.000000
0.732438 0.056407 -0.678493 -0.065838 0.000307 0.996535 0.083179 96.582420 0.680834 -0.061132 0.729882 -0.222165 0.000000 0.000000 0.000000 1.000000
0.732721 0.056272 -0.678199 -0.072742 0.000391 0.996540 0.083108 96.553230 0.680529 -0.061161 0.730164 -0.257309 0.000000 0.000000 0.000000 1.000000
0.732857 0.056072 -0.678068 -0.082802 0.000508 0.996553 0.082957 96.532593 0.680382 -0.061140 0.730303 -0.288560 0.000000 0.000000 0.000000 1.000000
0.732667 0.055760 -0.678299 -0.094227 0.000650 0.996580 0.082627 96.520554 0.680587 -0.060979 0.730125 -0.319637 0.000000 0.000000 0.000000 1.000000
0.732212 0.055432 -0.678818 -0.104840 0.000793 0.996612 0.082238 96.511482 0.681077 -0.060754 0.729687 -0.354972 0.000000 0.000000 0.000000 1.000000
0.731705 0.055124 -0.679389 -0.113291 0.000922 0.996643 0.081859 96.499207 0.681621 -0.060524 0.729198 -0.397230 0.000000 0.000000 0.000000 1.000000
0.731348 0.054908 -0.679791 -0.119116 0.000970 0.996669 0.081546 96.481102 0.682004 -0.060298 0.728858 -0.446003 0.000000 0.000000 0.000000 1.000000
0.731221 0.054698 -0.679944 -0.123638 0.000981 0.996695 0.081233 96.459076 0.682140 -0.060066 0.728751 -0.498427 0.000000 0.000000 0.000000 1.000000
0.731297 0.054464 -0.679881 -0.128214 0.000978 0.996722 0.080898 96.437363 0.682058 -0.059826 0.728847 -0.550659 0.000000 0.000000 0.000000 1.000000
0.731490 0.054205 -0.679694 -0.132968 0.000986 0.996750 0.080552 96.419464 0.681851 -0.059593 0.729059 -0.599517 0.000000 0.000000 0.000000 1.000000
0.731689 0.053918 -0.679503 -0.136188 0.001029 0.996778 0.080201 96.405670 0.681638 -0.059382 0.729276 -0.642522 0.000000 0.000000 0.000000 1.000000
0.731770 0.053542 -0.679446 -0.136170 0.001164 0.996810 0.079806 96.393600 0.681551 -0.059190 0.729373 -0.677686 0.000000 0.000000 0.000000 1.000000
0.731656 0.053184 -0.679596 -0.132415 0.001311 0.996840 0.079423 96.380676 0.681673 -0.059001 0.729274 -0.703787 0.000000 0.000000 0.000000 1.000000
0.731376 0.053037 -0.679909 -0.126296 0.001318 0.996859 0.079180 96.366692 0.681973 -0.058806 0.729010 -0.721612 0.000000 0.000000 0.000000 1.000000
0.731049 0.052915 -0.680270 -0.121019 0.001323 0.996877 0.078965 96.353394 0.682323 -0.058627 0.728696 -0.734165 0.000000 0.000000 0.000000 1.000000
0.730803 0.052800 -0.680543 -0.118095 0.001327 0.996892 0.078769 96.342598 0.682587 -0.058468 0.728462 -0.744797 0.000000 0.000000 0.000000 1.000000
0.730733 0.052656 -0.680630 -0.117741 0.001329 0.996909 0.078551 96.334763 0.682662 -0.058305 0.728404 -0.755518 0.000000 0.000000 0.000000 1.000000
0.730804 0.052452 -0.680569 -0.119012 0.001329 0.996932 0.078261 96.329651 0.682586 -0.058098 0.728492 -0.766894 0.000000 0.000000 0.000000 1.000000
0.730939 0.052194 -0.680444 -0.119895 0.001328 0.996960 0.077900 96.326271 0.682441 -0.057844 0.728648 -0.778810 0.000000 0.000000 0.000000 1.000000
0.730969 0.051940 -0.680431 -0.118771 0.001330 0.996989 0.077533 96.323433 0.682410 -0.057579 0.728699 -0.790534 0.000000 0.000000 0.000000 1.000000</float_array>
        <technique_common>
          <accessor source="#mixamorig_Hips-Matrix-animation-output-transform-array" count="59" stride="16">
            <param type="float4x4"/>
          </accessor>
        </technique_common>
      </source>
      <source id="mixamorig_Hips-Interpolations">
        <Name_array id="mixamorig_Hips-Interpolations-array" count="59">
 LINEAR LINEAR LINEAR LINEAR LINEAR LINEAR LINEAR LINEAR LINEAR LINEAR LINEAR
LINEAR LINEAR LINEAR LINEAR LINEAR LINEAR LINEAR LINEAR LINEAR LINEAR LINEAR LINEAR
LINEAR LINEAR LINEAR LINEAR LINEAR LINEAR LINEAR LINEAR LINEAR LINEAR LINEAR LINEAR
LINEAR LINEAR LINEAR LINEAR LINEAR LINEAR LINEAR LINEAR LINEAR LINEAR LINEAR LINEAR
LINEAR LINEAR LINEAR LINEAR LINEAR LINEAR LINEAR LINEAR LINEAR LINEAR LINEAR LINEAR</Name_array>
        <technique_common>
          <accessor source="#mixamorig_Hips-Interpolations-array" count="59">
            <param type="name"/>
          </accessor>
        </technique_common>
      </source>
      <sampler id="mixamorig_Hips-Matrix-animation-transform">
        <input semantic="INPUT" source="#mixamorig_Hips-Matrix-animation-input"/>
        <input semantic="OUTPUT" source="#mixamorig_Hips-Matrix-animation-output-transform"/>
        <input semantic="INTERPOLATION" source="#mixamorig_Hips-Interpolations"/>
      </sampler>
      <channel source="#mixamorig_Hips-Matrix-animation-transform" target="mixamorig_Hips/matrix"/>
    </animation>
    <animation id="mixamorig_Spine-anim" name="mixamorig_Spine">
      <source id="mixamorig_Spine-Matrix-animation-input">
        <float_array id="mixamorig_Spine-Matrix-animation-input-array" count="59">

0.000000 0.033333 0.066667 0.100000 0.133333 0.166667 0.200000 0.233333 0.266667 0.300000 0.333333 0.366667 0.400000 0.433333 0.466667 0.500000
0.533333 0.566667 0.600000 0.633333 0.666667 0.700000 0.733333 0.766667 0.800000 0.833333 0.866667 0.900000 0.933333 0.966667 1.000000 1.033333
1.066667 1.100000 1.133333 1.166667 1.200000 1.233333 1.266667 1.300000 1.333333 1.366667 1.400000 1.433333 1.466667 1.500000 1.533333 1.566667
1.600000 1.633333 1.666667 1.700000 1.733333 1.766667 1.800000 1.833333 1.866667 1.900000 1.933333</float_array>
        <technique_common>
          <accessor source="#mixamorig_Spine-Matrix-animation-input-array" count="59">
            <param name="TIME" type="float"/>
          </accessor>
        </technique_common>
      </source>
      <source id="mixamorig_Spine-Matrix-animation-output-transform">
        <float_array id="mixamorig_Spine-Matrix-animation-output-transform-array" count="944">

0.996727 0.019926 0.078353 0.000000 -0.012384 0.995343 -0.095598 5.645700 -0.079893 0.094314 0.992332 -0.031900 0.000000 0.000000 0.000000 1.000000
0.996726 0.019925 0.078358 0.000000 -0.012386 0.995348 -0.095546 5.645700 -0.079897 0.094263 0.992336 -0.031900 0.000000 0.000000 0.000000 1.000000
0.996726 0.019904 0.078365 0.000000 -0.012373 0.995359 -0.095437 5.645700 -0.079901 0.094155 0.992346 -0.031900 0.000000 0.000000 0.000000 1.000000
0.996731 0.019833 0.078320 -0.000000 -0.012321 0.995376 -0.095267 5.645700 -0.079847 0.093990 0.992366 -0.031900 0.000000 0.000000 0.000000 1.000000
0.996742 0.019716 0.078203 0.000000 -0.012234 0.995399 -0.095033 5.645700 -0.079717 0.093767 0.992398 -0.031900 0.000000 0.000000 0.000000 1.000000
0.996767 0.019518 0.077945 0.000000 -0.012083 0.995428 -0.094744 5.645700 -0.079438 0.093496 0.992446 -0.031900 0.000000 0.000000 0.000000 1.000000
0.996791 0.019327 0.077684 -0.000000 -0.011943 0.995461 -0.094418 5.645700 -0.079157 0.093188 0.992497 -0.031900 0.000000 0.000000 0.000000 1.000000
0.996805 0.019171 0.077543 -0.000000 -0.011831 0.995498 -0.094043 5.645700 -0.078996 0.092826 0.992544 -0.031900 0.000000 0.000000 0.000000 1.000000
0.996808 0.019050 0.077524 0.000000 -0.011745 0.995540 -0.093610 5.645700 -0.078962 0.092401 0.992586 -0.031900 0.000000 0.000000 0.000000 1.000000
0.996805 0.018952 0.077594 0.000000 -0.011681 0.995587 -0.093109 5.645700 -0.079017 0.091905 0.992628 -0.031900 0.000000 0.000000 0.000000 1.000000
0.996798 0.018864 0.077708 0.000000 -0.011624 0.995637 -0.092585 5.645700 -0.079116 0.091386 0.992668 -0.031900 0.000000 0.000000 0.000000 1.000000
0.996790 0.018770 0.077833 0.000000 -0.011558 0.995683 -0.092099 5.645700 -0.079225 0.090904 0.992703 -0.031900 0.000000 0.000000 0.000000 1.000000
0.996786 0.018651 0.077903 0.000000 -0.011467 0.995724 -0.091666 5.645700 -0.079279 0.090478 0.992738 -0.031900 0.000000 0.000000 0.000000 1.000000
0.996793 0.018493 0.077855 0.000000 -0.011346 0.995763 -0.091259 5.645700 -0.079213 0.090083 0.992779 -0.031900 0.000000 0.000000 0.000000 1.000000
0.996810 0.018290 0.077686 0.000000 -0.011192 0.995803 -0.090836 5.645700 -0.079021 0.089677 0.992831 -0.031900 0.000000 0.000000 0.000000 1.000000
0.996826 0.018081 0.077536 0.000000 -0.011034 0.995847 -0.090370 5.645700 -0.078848 0.089228 0.992885 -0.031900 0.000000 0.000000 0.000000 1.000000
0.996831 0.017895 0.077515 -0.000000 -0.010889 0.995893 -0.089876 5.645700 -0.078805 0.088747 0.992932 -0.031900 0.000000 0.000000 0.000000 1.000000
0.996825 0.017762 0.077616 0.000000 -0.010786 0.995939 -0.089387 5.645700 -0.078889 0.088266 0.992968 -0.031900 0.000000 0.000000 0.000000 1.000000
0.996817 0.017660 0.077745 -0.000000 -0.010709 0.995980 -0.088936 5.645700 -0.079003 0.087820 0.992999 -0.031900 0.000000 0.000000 0.000000 1.000000
0.996813 0.017560 0.077814 -0.000000 -0.010633 0.996015 -0.088550 5.645700 -0.079059 0.087441 0.993028 -0.031900 0.000000 0.000000 0.000000 1.000000
0.996816 0.017453 0.077798 0.000000 -0.010556 0.996047 -0.088196 5.645700 -0.079030 0.087094 0.993060 -0.031900 0.000000 0.000000 0.000000 1.000000
0.996823 0.017357 0.077736 -0.000000 -0.010492 0.996077 -0.087862 5.645700 -0.078956 0.086767 0.993095 -0.031900 0.000000 0.000000 0.000000 1.000000
0.996828 0.017278 0.077687 0.000000 -0.010443 0.996107 -0.087531 5.645700 -0.078897 0.086442 0.993128 -0.031900 0.000000 0.000000 0.000000 1.000000
0.996830 0.017222 0.077680 -0.000000 -0.010412 0.996134 -0.087232 5.645700 -0.078882 0.086146 0.993155 -0.031900 0.000000 0.000000 0.000000 1.000000
0.996829 0.017186 0.077700 -0.000000 -0.010394 0.996155 -0.086993 5.645700 -0.078896 0.085909 0.993174 -0.031900 0.000000 0.000000 0.000000 1.000000
0.996825 0.017182 0.077742 0.000000 -0.010397 0.996168 -0.086844 5.645700 -0.078936 0.085760 0.993184 -0.031900 0.000000 0.000000 0.000000 1.000000
0.996821 0.017213 0.077788 -0.000000 -0.010426 0.996169 -0.086820 5.645700 -0.078984 0.085733 0.993182 -0.031900 0.000000 0.000000 0.000000 1.000000
0.996817 0.017285 0.077825 0.000000 -0.010485 0.996158 -0.086943 5.645700 -0.079029 0.085850 0.993169 -0.031900 0.000000 0.000000 0.000000 1.000000
0.996813 0.017373 0.077859 0.000000 -0.010552 0.996138 -0.087168 5.645700 -0.079072 0.086069 0.993146 -0.031900 0.000000 0.000000 0.000000 1.000000
0.996809 0.017467 0.077895 -0.000000 -0.010622 0.996114 -0.087433 5.645700 -0.079120 0.086327 0.993120 -0.031900 0.000000 0.000000 0.000000 1.000000
0.996805 0.017558 0.077923 -0.000000 -0.010688 0.996088 -0.087721 5.645700 -0.079158 0.086608 0.993093 -0.031900 0.000000 0.000000 0.000000 1.000000
0.996804 0.017639 0.077913 0.000000 -0.010741 0.996055 -0.088083 5.645700 -0.079159 0.086965 0.993061 -0.031900 0.000000 0.000000 0.000000 1.000000
0.996807 0.017706 0.077855 0.000000 -0.010778 0.996016 -0.088523 5.645700 -0.079112 0.087401 0.993027 -0.031900 0.000000 0.000000 0.000000 1.000000
0.996812 0.017766 0.077787 -0.000000 -0.010810 0.995977 -0.088955 5.645700 -0.079054 0.087831 0.992994 -0.031900 0.000000 0.000000 0.000000 1.000000
0.996813 0.017836 0.077759 0.000000 -0.010851 0.995943 -0.089334 5.645700 -0.079036 0.088206 0.992962 -0.031900 0.000000 0.000000 0.000000 1.000000
0.996808 0.017938 0.077798 -0.000000 -0.010924 0.995912 -0.089665 5.645700 -0.079088 0.088529 0.992929 -0.031900 0.000000 0.000000 0.000000 1.000000
0.996800 0.018063 0.077874 -0.000000 -0.011016 0.995882 -0.089985 5.645700 -0.079179 0.088839 0.992894 -0.031900 0.000000 0.000000 0.000000 1.000000
0.996793 0.018186 0.077924 0.000000 -0.011107 0.995850 -0.090330 5.645700 -0.079244 0.089175 0.992859 -0.031900 0.000000 0.000000 0.000000 1.000000
0.996793 0.018270 0.077915 0.000000 -0.011161 0.995813 -0.090728 5.645700 -0.079246 0.089568 0.992823 -0.031900 0.000000 0.000000 0.000000 1.000000
0.996796 0.018318 0.077860 0.000000 -0.011181 0.995777 -0.091126 5.645700 -0.079200 0.089963 0.992791 -0.031900 0.000000 0.000000 0.000000 1.000000
0.996799 0.018390 0.077805 -0.000000 -0.011231 0.995744 -0.091474 5.645700 -0.079156 0.090307 0.992763 -0.031900 0.000000 0.000000 0.000000 1.000000
0.996797 0.018489 0.077803 0.000000 -0.011307 0.995717 -0.091758 5.645700 -0.079167 0.090584 0.992737 -0.031900 0.000000 0.000000 0.000000 1.000000
0.996790 0.018616 0.077865 -0.000000 -0.011408 0.995692 -0.092014 5.645700 -0.079243 0.090831 0.992709 -0.031900 0.000000 0.000000 0.000000 1.000000
0.996779 0.018760 0.077969 0.000000 -0.011520 0.995666 -0.092288 5.645700 -0.079363 0.091092 0.992675 -0.031900 0.000000 0.000000 0.000000 1.000000
0.996767 0.018919 0.078092 0.000000 -0.011643 0.995636 -0.092594 5.645700 -0.079503 0.091386 0.992637 -0.031900 0.000000 0.000000 0.000000 1.000000
0.996756 0.019058 0.078200 0.000000 -0.011746 0.995604 -0.092920 5.645700 -0.079627 0.091700 0.992598 -0.031900 0.000000 0.000000 0.000000 1.000000
0.996749 0.019175 0.078249 0.000000 -0.011832 0.995573 -0.093248 5.645700 -0.079691 0.092020 0.992563 -0.031900 0.000000 0.000000 0.000000 1.000000
0.996746 0.019277 0.078267 0.000000 -0.011906 0.995541 -0.093570 5.645700 -0.079722 0.092334 0.992532 -0.031900 0.000000 0.000000 0.000000 1.000000
0.996744 0.019365 0.078266 0.000000 -0.011969 0.995512 -0.093877 5.645700 -0.079733 0.092635 0.992503 -0.031900 0.000000 0.000000 0.000000 1.000000
0.996743 0.019443 0.078260 0.000000 -0.012025 0.995484 -0.094165 5.645700 -0.079738 0.092917 0.992476 -0.031900 0.000000 0.000000 0.000000 1.000000
0.996742 0.019520 0.078262 0.000000 -0.012080 0.995458 -0.094432 5.645700 -0.079749 0.093179 0.992450 -0.031900 0.000000 0.000000 0.000000 1.000000
0.996738 0.019592 0.078285 0.000000 -0.012131 0.995434 -0.094675 5.645700 -0.079783 0.093416 0.992425 -0.031900 0.000000 0.000000 0.000000 1.000000
0.996734 0.019631 0.078336 0.000000 -0.012148 0.995415 -0.094881 5.645700 -0.079839 0.093619 0.992402 -0.031900 0.000000 0.000000 0.000000 1.000000
0.996729 0.019660 0.078385 -0.000000 -0.012158 0.995397 -0.095061 5.645700 -0.079893 0.093797 0.992381 -0.031900 0.000000 0.000000 0.000000 1.000000
0.996726 0.019697 0.078412 0.000000 -0.012179 0.995382 -0.095222 5.645700 -0.079925 0.093955 0.992363 -0.031900 0.000000 0.000000 0.000000 1.000000
0.996726 0.019742 0.078404 0.000000 -0.012214 0.995367 -0.095365 5.645700 -0.079924 0.094096 0.992350 -0.031900 0.000000 0.000000 0.000000 1.000000
0.996726 0.019785 0.078394 0.000000 -0.012248 0.995356 -0.095479 5.645700 -0.079919 0.094206 0.992340 -0.031900 0.000000 0.000000 0.000000 1.000000
0.996726 0.019813 0.078388 0.000000 -0.012269 0.995346 -0.095577 5.645700 -0.079917 0.094302 0.992331 -0.031900 0.000000 0.000000 0.000000 1.000000
0.996726 0.019833 0.078385 -0.000000 -0.012283 0.995339 -0.095657 5.645700 -0.079917 0.094381 0.992323 -0.031900 0.000000 0.000000 0.000000 1.000000</float_array>
        <technique_common>
          <accessor source="#mixamorig_Spine-Matrix-animation-output-transform-array" count="59" stride="16">
            <param type="float4x4"/>
          </accessor>
        </technique_common>
      </source>
      <source id="mixamorig_Spine-Interpolations">
        <Name_array id="mixamorig_Spine-Interpolations-array" count="59">
 LINEAR LINEAR LINEAR LINEAR LINEAR LINEAR LINEAR LINEAR LINEAR LINEAR LINEAR
LINEAR LINEAR LINEAR LINEAR LINEAR LINEAR LINEAR LINEAR LINEAR LINEAR LINEAR LINEAR
LINEAR LINEAR LINEAR LINEAR LINEAR LINEAR LINEAR LINEAR LINEAR LINEAR LINEAR LINEAR
LINEAR LINEAR LINEAR LINEAR LINEAR LINEAR LINEAR LINEAR LINEAR LINEAR LINEAR LINEAR
LINEAR LINEAR LINEAR LINEAR LINEAR LINEAR LINEAR LINEAR LINEAR LINEAR LINEAR LINEAR</Name_array>
        <technique_common>
          <accessor source="#mixamorig_Spine-Interpolations-array" count="59">
            <param type="name"/>
          </accessor>
        </technique_common>
      </source>
      <sampler id="mixamorig_Spine-Matrix-animation-transform">
        <input semantic="INPUT" source="#mixamorig_Spine-Matrix-animation-input"/>
        <input semantic="OUTPUT" source="#mixamorig_Spine-Matrix-animation-output-transform"/>
        <input semantic="INTERPOLATION" source="#mixamorig_Spine-Interpolations"/>
      </sampler>
      <channel source="#mixamorig_Spine-Matrix-animation-transform" target="mixamorig_Spine/matrix"/>
    </animation>
    <animation id="mixamorig_Spine1-anim" name="mixamorig_Spine1">
      <source id="mixamorig_Spine1-Matrix-animation-input">
        <float_array id="mixamorig_Spine1-Matrix-animation-input-array" count="59">

0.000000 0.033333 0.066667 0.100000 0.133333 0.166667 0.200000 0.233333 0.266667 0.300000 0.333333 0.366667 0.400000 0.433333 0.466667 0.500000
0.533333 0.566667 0.600000 0.633333 0.666667 0.700000 0.733333 0.766667 0.800000 0.833333 0.866667 0.900000 0.933333 0.966667 1.000000 1.033333
1.066667 1.100000 1.133333 1.166667 1.200000 1.233333 1.266667 1.300000 1.333333 1.366667 1.400000 1.433333 1.466667 1.500000 1.533333 1.566667
1.600000 1.633333 1.666667 1.700000 1.733333 1.766667 1.800000 1.833333 1.866667 1.900000 1.933333</float_array>
        <technique_common>
          <accessor source="#mixamorig_Spine1-Matrix-animation-input-array" count="59">
            <param name="TIME" type="float"/>
          </accessor>
        </technique_common>
      </source>
      <source id="mixamorig_Spine1-Matrix-animation-output-transform">
        <float_array id="mixamorig_Spine1-Matrix-animation-output-transform-array" count="944">

0.986184 0.052204 0.157213 -0.000000 -0.019550 0.979091 -0.202483 6.586800 -0.164496 0.196612 0.966584 0.000000 0.000000 0.000000 0.000000 1.000000
0.986184 0.052175 0.157220 0.000000 -0.019537 0.979112 -0.202380 6.586800 -0.164495 0.196512 0.966604 0.000000 0.000000 0.000000 0.000000 1.000000
0.986185 0.052105 0.157238 0.000000 -0.019501 0.979158 -0.202162 6.586800 -0.164495 0.196303 0.966647 0.000000 0.000000 0.000000 0.000000 1.000000
0.986205 0.051961 0.157165 0.000000 -0.019430 0.979229 -0.201824 6.586800 -0.164387 0.195986 0.966730 0.000000 0.000000 0.000000 0.000000 1.000000
0.986249 0.051734 0.156960 0.000000 -0.019324 0.979327 -0.201361 6.586800 -0.164132 0.195559 0.966860 0.000000 0.000000 0.000000 0.000000 1.000000
0.986345 0.051335 0.156488 0.000000 -0.019120 0.979449 -0.200785 6.586800 -0.163580 0.195051 0.967056 -0.000000 0.000000 0.000000 0.000000 1.000000
0.986440 0.050938 0.156017 0.000000 -0.018930 0.979585 -0.200135 6.586800 -0.163027 0.194468 0.967267 0.000000 0.000000 0.000000 0.000000 1.000000
0.986494 0.050611 0.155779 0.000000 -0.018778 0.979740 -0.199391 6.586800 -0.162715 0.193772 0.967459 0.000000 0.000000 0.000000 0.000000 1.000000
0.986508 0.050344 0.155779 0.000000 -0.018658 0.979916 -0.198534 6.586800 -0.162646 0.192949 0.967635 0.000000 0.000000 0.000000 0.000000 1.000000
0.986492 0.050120 0.155952 0.000000 -0.018567 0.980118 -0.197543 6.586800 -0.162752 0.191979 0.967810 -0.000000 0.000000 0.000000 0.000000 1.000000
0.986462 0.049909 0.156208 0.000000 -0.018481 0.980328 -0.196510 6.586800 -0.162943 0.190963 0.967979 0.000000 0.000000 0.000000 0.000000 1.000000
0.986430 0.049686 0.156481 0.000000 -0.018368 0.980522 -0.195549 6.586800 -0.163149 0.190022 0.968129 0.000000 0.000000 0.000000 0.000000 1.000000
0.986417 0.049409 0.156653 0.000000 -0.018204 0.980696 -0.194689 6.586800 -0.163248 0.189193 0.968275 0.000000 0.000000 0.000000 0.000000 1.000000
0.986444 0.049054 0.156597 0.000000 -0.017998 0.980861 -0.193878 6.586800 -0.163110 0.188431 0.968447 -0.000000 0.000000 0.000000 0.000000 1.000000
0.986510 0.048622 0.156311 -0.000000 -0.017766 0.981031 -0.193034 6.586800 -0.162732 0.187654 0.968661 0.000000 0.000000 0.000000 0.000000 1.000000
0.986570 0.048194 0.156067 0.000000 -0.017543 0.981217 -0.192108 6.586800 -0.162394 0.186790 0.968885 -0.000000 0.000000 0.000000 0.000000 1.000000
0.986588 0.047824 0.156066 -0.000000 -0.017339 0.981412 -0.191129 6.586800 -0.162306 0.185859 0.969079 0.000000 0.000000 0.000000 0.000000 1.000000
0.986565 0.047560 0.156293 0.000000 -0.017195 0.981602 -0.190164 6.586800 -0.162462 0.184921 0.969232 -0.000000 0.000000 0.000000 0.000000 1.000000
0.986532 0.047353 0.156566 0.000000 -0.017087 0.981776 -0.189272 6.586800 -0.162675 0.184048 0.969362 0.000000 0.000000 0.000000 0.000000 1.000000
0.986517 0.047141 0.156722 -0.000000 -0.016975 0.981925 -0.188509 6.586800 -0.162776 0.183307 0.969486 0.000000 0.000000 0.000000 0.000000 1.000000
0.986530 0.046910 0.156713 0.000000 -0.016864 0.982061 -0.187807 6.586800 -0.162712 0.182634 0.969623 0.000000 0.000000 0.000000 0.000000 1.000000
0.986555 0.046704 0.156617 0.000000 -0.016787 0.982189 -0.187145 6.586800 -0.162568 0.182000 0.969767 0.000000 0.000000 0.000000 0.000000 1.000000
0.986573 0.046534 0.156548 0.000000 -0.016741 0.982314 -0.186492 6.586800 -0.162458 0.181367 0.969904 0.000000 0.000000 0.000000 0.000000 1.000000
0.986578 0.046408 0.156557 0.000000 -0.016713 0.982426 -0.185901 6.586800 -0.162433 0.180789 0.970016 -0.000000 0.000000 0.000000 0.000000 1.000000
0.986573 0.046324 0.156612 0.000000 -0.016698 0.982516 -0.185429 6.586800 -0.162464 0.180324 0.970097 0.000000 0.000000 0.000000 0.000000 1.000000
0.986560 0.046304 0.156700 0.000000 -0.016711 0.982571 -0.185136 6.586800 -0.162542 0.180029 0.970139 0.000000 0.000000 0.000000 0.000000 1.000000
0.986544 0.046371 0.156785 -0.000000 -0.016769 0.982578 -0.185093 6.586800 -0.162636 0.179973 0.970134 0.000000 0.000000 0.000000 0.000000 1.000000
0.986527 0.046533 0.156844 0.000000 -0.016878 0.982530 -0.185339 6.586800 -0.162728 0.180195 0.970077 0.000000 0.000000 0.000000 0.000000 1.000000
0.986509 0.046743 0.156889 0.000000 -0.017003 0.982442 -0.185791 6.586800 -0.162819 0.180617 0.969983 0.000000 0.000000 0.000000 0.000000 1.000000
0.986491 0.046973 0.156938 0.000000 -0.017134 0.982339 -0.186321 6.586800 -0.162919 0.181115 0.969874 0.000000 0.000000 0.000000 0.000000 1.000000
0.986475 0.047183 0.156974 0.000000 -0.017240 0.982229 -0.186894 6.586800 -0.163003 0.181660 0.969758 0.000000 0.000000 0.000000 0.000000 1.000000
0.986473 0.047370 0.156931 0.000000 -0.017314 0.982091 -0.187611 6.586800 -0.163007 0.182356 0.969626 0.000000 0.000000 0.000000 0.000000 1.000000
0.986486 0.047536 0.156797 0.000000 -0.017358 0.981924 -0.188479 6.586800 -0.162923 0.183210 0.969479 0.000000 0.000000 0.000000 0.000000 1.000000
0.986503 0.047697 0.156644 -0.000000 -0.017404 0.981759 -0.189333 6.586800 -0.162817 0.184051 0.969338 0.000000 0.000000 0.000000 0.000000 1.000000
0.986505 0.047883 0.156571 0.000000 -0.017477 0.981612 -0.190085 6.586800 -0.162794 0.184784 0.969202 0.000000 0.000000 0.000000 0.000000 1.000000
0.986486 0.048113 0.156624 0.000000 -0.017585 0.981483 -0.190742 6.586800 -0.162901 0.185410 0.969065 -0.000000 0.000000 0.000000 0.000000 1.000000
0.986454 0.048375 0.156744 0.000000 -0.017716 0.981357 -0.191378 6.586800 -0.163080 0.186008 0.968920 -0.000000 0.000000 0.000000 0.000000 1.000000
0.986431 0.048623 0.156811 0.000000 -0.017835 0.981221 -0.192061 6.586800 -0.163204 0.186658 0.968774 -0.000000 0.000000 0.000000 0.000000 1.000000
0.986430 0.048794 0.156765 -0.000000 -0.017882 0.981066 -0.192845 6.586800 -0.163206 0.187425 0.968626 0.000000 0.000000 0.000000 0.000000 1.000000
0.986445 0.048898 0.156637 0.000000 -0.017878 0.980913 -0.193626 6.586800 -0.163115 0.188201 0.968490 0.000000 0.000000 0.000000 0.000000 1.000000
0.986457 0.049054 0.156512 -0.000000 -0.017941 0.980776 -0.194313 6.586800 -0.163035 0.188873 0.968373 -0.000000 0.000000 0.000000 0.000000 1.000000
0.986450 0.049261 0.156489 0.000000 -0.018057 0.980662 -0.194876 6.586800 -0.163062 0.189410 0.968264 -0.000000 0.000000 0.000000 0.000000 1.000000
0.986422 0.049517 0.156586 -0.000000 -0.018207 0.980557 -0.195387 6.586800 -0.163216 0.189883 0.968145 0.000000 0.000000 0.000000 0.000000 1.000000
0.986380 0.049803 0.156759 0.000000 -0.018366 0.980446 -0.195930 6.586800 -0.163452 0.190382 0.968007 -0.000000 0.000000 0.000000 0.000000 1.000000
0.986332 0.050114 0.156966 0.000000 -0.018531 0.980321 -0.196539 6.586800 -0.163726 0.190944 0.967850 0.000000 0.000000 0.000000 0.000000 1.000000
0.986289 0.050396 0.157145 0.000000 -0.018667 0.980188 -0.197186 6.586800 -0.163969 0.191549 0.967690 0.000000 0.000000 0.000000 0.000000 1.000000
0.986266 0.050634 0.157212 0.000000 -0.018780 0.980055 -0.197835 6.586800 -0.164094 0.192166 0.967546 0.000000 0.000000 0.000000 0.000000 1.000000
0.986253 0.050848 0.157223 0.000000 -0.018883 0.979925 -0.198472 6.586800 -0.164158 0.192775 0.967414 0.000000 0.000000 0.000000 0.000000 1.000000
0.986247 0.051037 0.157199 -0.000000 -0.018972 0.979800 -0.199079 6.586800 -0.164184 0.193359 0.967293 0.000000 0.000000 0.000000 0.000000 1.000000
0.986244 0.051204 0.157168 0.000000 -0.019047 0.979683 -0.199648 6.586800 -0.164198 0.193908 0.967181 0.000000 0.000000 0.000000 0.000000 1.000000
0.986239 0.051351 0.157150 0.000000 -0.019108 0.979574 -0.200173 6.586800 -0.164219 0.194416 0.967075 0.000000 0.000000 0.000000 0.000000 1.000000
0.986228 0.051483 0.157174 0.000000 -0.019153 0.979476 -0.200651 6.586800 -0.164278 0.194877 0.966972 0.000000 0.000000 0.000000 0.000000 1.000000
0.986210 0.051566 0.157259 0.000000 -0.019149 0.979393 -0.201056 6.586800 -0.164386 0.195272 0.966874 0.000000 0.000000 0.000000 0.000000 1.000000
0.986194 0.051630 0.157339 0.000000 -0.019137 0.979320 -0.201410 6.586800 -0.164484 0.195618 0.966788 0.000000 0.000000 0.000000 0.000000 1.000000
0.986184 0.051710 0.157377 0.000000 -0.019155 0.979254 -0.201727 6.586800 -0.164543 0.195926 0.966715 0.000000 0.000000 0.000000 0.000000 1.000000
0.986183 0.051806 0.157348 0.000000 -0.019207 0.979195 -0.202011 6.586800 -0.164540 0.196198 0.966661 0.000000 0.000000 0.000000 0.000000 1.000000
0.986183 0.051900 0.157318 0.000000 -0.019269 0.979147 -0.202238 6.586800 -0.164534 0.196412 0.966618 0.000000 0.000000 0.000000 0.000000 1.000000
0.986183 0.051968 0.157298 0.000000 -0.019307 0.979106 -0.202431 6.586800 -0.164532 0.196597 0.966581 0.000000 0.000000 0.000000 0.000000 1.000000
0.986183 0.052013 0.157285 0.000000 -0.019327 0.979073 -0.202590 6.586800 -0.164531 0.196751 0.966550 0.000000 0.000000 0.000000 0.000000 1.000000</float_array>
        <technique_common>
          <accessor source="#mixamorig_Spine1-Matrix-animation-output-transform-array" count="59" stride="16">
            <param type="float4x4"/>
          </accessor>
        </technique_common>
      </source>
      <source id="mixamorig_Spine1-Interpolations">
        <Name_array id="mixamorig_Spine1-Interpolations-array" count="59">
 LINEAR LINEAR LINEAR LINEAR LINEAR LINEAR LINEAR LINEAR LINEAR LINEAR LINEAR
LINEAR LINEAR LINEAR LINEAR LINEAR LINEAR LINEAR LINEAR LINEAR LINEAR LINEAR LINEAR
LINEAR LINEAR LINEAR LINEAR LINEAR LINEAR LINEAR LINEAR LINEAR LINEAR LINEAR LINEAR
LINEAR LINEAR LINEAR LINEAR LINEAR LINEAR LINEAR LINEAR LINEAR LINEAR LINEAR LINEAR
LINEAR LINEAR LINEAR LINEAR LINEAR LINEAR LINEAR LINEAR LINEAR LINEAR LINEAR LINEAR</Name_array>
        <technique_common>
          <accessor source="#mixamorig_Spine1-Interpolations-array" count="59">
            <param type="name"/>
          </accessor>
        </technique_common>
      </source>
      <sampler id="mixamorig_Spine1-Matrix-animation-transform">
        <input semantic="INPUT" source="#mixamorig_Spine1-Matrix-animation-input"/>
        <input semantic="OUTPUT" source="#mixamorig_Spine1-Matrix-animation-output-transform"/>
        <input semantic="INTERPOLATION" source="#mixamorig_Spine1-Interpolations"/>
      </sampler>
      <channel source="#mixamorig_Spine1-Matrix-animation-transform" target="mixamorig_Spine1/matrix"/>
    </animation>
    <animation id="mixamorig_Spine2-anim" name="mixamorig_Spine2">
      <source id="mixamorig_Spine2-Matrix-animation-input">
        <float_array id="mixamorig_Spine2-Matrix-animation-input-array" count="59">

0.000000 0.033333 0.066667 0.100000 0.133333 0.166667 0.200000 0.233333 0.266667 0.300000 0.333333 0.366667 0.400000 0.433333 0.466667 0.500000
0.533333 0.566667 0.600000 0.633333 0.666667 0.700000 0.733333 0.766667 0.800000 0.833333 0.866667 0.900000 0.933333 0.966667 1.000000 1.033333
1.066667 1.100000 1.133333 1.166667 1.200000 1.233333 1.266667 1.300000 1.333333 1.366667 1.400000 1.433333 1.466667 1.500000 1.533333 1.566667
1.600000 1.633333 1.666667 1.700000 1.733333 1.766667 1.800000 1.833333 1.866667 1.900000 1.933333</float_array>
        <technique_common>
          <accessor source="#mixamorig_Spine2-Matrix-animation-input-array" count="59">
            <param name="TIME" type="float"/>
          </accessor>
        </technique_common>
      </source>
      <source id="mixamorig_Spine2-Matrix-animation-output-transform">
        <float_array id="mixamorig_Spine2-Matrix-animation-output-transform-array" count="944">

0.986184 0.052204 0.157212 0.000000 -0.019550 0.979091 -0.202483 7.527800 -0.164495 0.196612 0.966584 0.000000 0.000000 0.000000 0.000000 1.000000
0.986184 0.052175 0.157220 -0.000000 -0.019537 0.979112 -0.202380 7.527800 -0.164495 0.196512 0.966604 0.000000 0.000000 0.000000 0.000000 1.000000
0.986185 0.052105 0.157238 0.000000 -0.019501 0.979158 -0.202162 7.527800 -0.164495 0.196303 0.966647 0.000000 0.000000 0.000000 0.000000 1.000000
0.986205 0.051961 0.157164 0.000000 -0.019430 0.979229 -0.201824 7.527800 -0.164387 0.195986 0.966730 0.000000 0.000000 0.000000 0.000000 1.000000
0.986249 0.051734 0.156960 0.000000 -0.019324 0.979327 -0.201361 7.527800 -0.164132 0.195559 0.966860 0.000000 0.000000 0.000000 0.000000 1.000000
0.986345 0.051335 0.156489 -0.000000 -0.019120 0.979449 -0.200785 7.527800 -0.163580 0.195051 0.967056 0.000000 0.000000 0.000000 0.000000 1.000000
0.986440 0.050938 0.156017 -0.000000 -0.018930 0.979585 -0.200135 7.527800 -0.163027 0.194468 0.967267 0.000000 0.000000 0.000000 0.000000 1.000000
0.986494 0.050611 0.155779 0.000000 -0.018778 0.979740 -0.199390 7.527800 -0.162715 0.193772 0.967459 -0.000000 0.000000 0.000000 0.000000 1.000000
0.986508 0.050344 0.155779 0.000000 -0.018658 0.979916 -0.198534 7.527800 -0.162646 0.192949 0.967635 0.000000 0.000000 0.000000 0.000000 1.000000
0.986492 0.050120 0.155952 0.000000 -0.018567 0.980118 -0.197543 7.527800 -0.162752 0.191979 0.967810 0.000000 0.000000 0.000000 0.000000 1.000000
0.986462 0.049909 0.156208 -0.000000 -0.018481 0.980328 -0.196510 7.527800 -0.162943 0.190963 0.967979 0.000000 0.000000 0.000000 0.000000 1.000000
0.986430 0.049686 0.156481 -0.000000 -0.018368 0.980522 -0.195549 7.527800 -0.163149 0.190022 0.968129 0.000000 0.000000 0.000000 0.000000 1.000000
0.986417 0.049409 0.156653 0.000000 -0.018204 0.980696 -0.194689 7.527800 -0.163248 0.189193 0.968275 0.000000 0.000000 0.000000 0.000000 1.000000
0.986444 0.049054 0.156597 -0.000000 -0.017998 0.980861 -0.193878 7.527800 -0.163110 0.188431 0.968447 -0.000000 0.000000 0.000000 0.000000 1.000000
0.986510 0.048622 0.156311 0.000000 -0.017766 0.981031 -0.193034 7.527800 -0.162731 0.187654 0.968661 -0.000000 0.000000 0.000000 0.000000 1.000000
0.986570 0.048194 0.156067 0.000000 -0.017543 0.981217 -0.192108 7.527800 -0.162394 0.186790 0.968885 0.000000 0.000000 0.000000 0.000000 1.000000
0.986588 0.047824 0.156066 -0.000000 -0.017339 0.981412 -0.191129 7.527800 -0.162306 0.185859 0.969079 0.000000 0.000000 0.000000 0.000000 1.000000
0.986565 0.047560 0.156293 0.000000 -0.017195 0.981602 -0.190163 7.527800 -0.162462 0.184921 0.969232 -0.000000 0.000000 0.000000 0.000000 1.000000
0.986532 0.047353 0.156566 0.000000 -0.017087 0.981776 -0.189273 7.527800 -0.162675 0.184048 0.969362 0.000000 0.000000 0.000000 0.000000 1.000000
0.986517 0.047141 0.156722 0.000000 -0.016975 0.981925 -0.188509 7.527800 -0.162775 0.183307 0.969486 0.000000 0.000000 0.000000 0.000000 1.000000
0.986530 0.046910 0.156713 0.000000 -0.016864 0.982061 -0.187807 7.527800 -0.162712 0.182634 0.969623 0.000000 0.000000 0.000000 0.000000 1.000000
0.986555 0.046704 0.156617 0.000000 -0.016787 0.982189 -0.187145 7.527800 -0.162568 0.182000 0.969767 0.000000 0.000000 0.000000 0.000000 1.000000
0.986573 0.046534 0.156548 0.000000 -0.016741 0.982314 -0.186492 7.527800 -0.162458 0.181367 0.969904 0.000000 0.000000 0.000000 0.000000 1.000000
0.986578 0.046408 0.156557 -0.000000 -0.016713 0.982426 -0.185901 7.527800 -0.162433 0.180789 0.970016 -0.000000 0.000000 0.000000 0.000000 1.000000
0.986573 0.046324 0.156612 0.000000 -0.016698 0.982516 -0.185429 7.527800 -0.162463 0.180324 0.970097 0.000000 0.000000 0.000000 0.000000 1.000000
0.986560 0.046304 0.156701 0.000000 -0.016711 0.982571 -0.185136 7.527800 -0.162542 0.180029 0.970139 0.000000 0.000000 0.000000 0.000000 1.000000
0.986544 0.046371 0.156785 0.000000 -0.016769 0.982578 -0.185092 7.527800 -0.162636 0.179972 0.970134 0.000000 0.000000 0.000000 0.000000 1.000000
0.986527 0.046533 0.156844 0.000000 -0.016878 0.982530 -0.185339 7.527800 -0.162728 0.180195 0.970077 0.000000 0.000000 0.000000 0.000000 1.000000
0.986509 0.046742 0.156889 -0.000000 -0.017003 0.982442 -0.185791 7.527800 -0.162819 0.180617 0.969983 0.000000 0.000000 0.000000 0.000000 1.000000
