<?xml version="1.0" encoding="utf-8"?>
<COLLADA xmlns="http://www.collada.org/2005/11/COLLADASchema" version="1.4.1">
  <asset>
    <contributor>
      <author>Mixamo</author>
      <authoring_tool>COLLADA Mixamo exporter</authoring_tool>
      <comments/>
    </contributor>
    <created>2023-06-05T09:16:44Z</created>
    <modified>2023-06-05T09:16:44Z</modified>
    <revision/>
    <title/>
    <unit meter="0.010000"/>
    <up_axis>Y_UP</up_axis>
  </asset>
  <library_animations>
    <animation id="mixamorig_Hips-anim" name="mixamorig_Hips">
      <source id="mixamorig_Hips-Matrix-animation-input">
        <float_array id="mixamorig_Hips-Matrix-animation-input-array" count="41">

0.000000 0.033333 0.066667 0.100000 0.133333 0.166667 0.200000 0.233333 0.266667 0.300000 0.333333 0.366667 0.400000 0.433333 0.466667 0.500000
0.533333 0.566667 0.600000 0.633333 0.666667 0.700000 0.733333 0.766667 0.800000 0.833333 0.866667 0.900000 0.933333 0.966667 1.000000 1.033333
1.066667 1.100000 1.133333 1.166667 1.200000 1.233333 1.266667 1.300000 1.333333</float_array>
        <technique_common>
          <accessor source="#mixamorig_Hips-Matrix-animation-input-array" count="41">
            <param name="TIME" type="float"/>
          </accessor>
        </technique_common>
      </source>
      <source id="mixamorig_Hips-Matrix-animation-output-transform">
        <float_array id="mixamorig_Hips-Matrix-animation-output-transform-array" count="656">

0.985833 0.113032 -0.123921 0.085487 -0.144341 0.948032 -0.283550 81.219498 0.085431 0.297420 0.950917 2.636886 0.000000 0.000000 0.000000 1.000000
0.996539 0.050802 -0.065797 -0.433798 -0.068926 0.947444 -0.312408 81.403450 0.046468 0.315862 0.947667 9.445522 0.000000 0.000000 0.000000 1.000000
0.999934 -0.010543 -0.004656 -0.868914 0.008349 0.941118 -0.337974 82.329834 0.007945 0.337913 0.941144 16.261013 0.000000 0.000000 0.000000 1.000000
0.997089 -0.048126 0.059136 -1.089677 0.065435 0.938245 -0.339726 84.205353 -0.039135 0.342607 0.938664 23.103695 0.000000 0.000000 0.000000 1.000000
0.991654 -0.044291 0.121085 -0.902013 0.079102 0.950621 -0.300105 87.111099 -0.101814 0.307178 0.946190 30.248812 0.000000 0.000000 0.000000 1.000000
0.985322 -0.013301 0.170186 -0.047985 0.051189 0.974103 -0.220236 90.433388 -0.162850 0.225715 0.960486 36.930077 0.000000 0.000000 0.000000 1.000000
0.977345 0.026199 0.210025 0.975705 -0.000319 0.992491 -0.122321 93.550682 -0.211652 0.119483 0.970014 42.109413 0.000000 0.000000 0.000000 1.000000
0.962658 0.065139 0.262767 1.327395 -0.057886 0.997700 -0.035258 95.881058 -0.264460 0.018731 0.964215 44.977375 0.000000 0.000000 0.000000 1.000000
0.929946 0.118343 0.348131 0.599098 -0.135197 0.990517 0.024433 97.539978 -0.341938 -0.069788 0.937128 45.989529 0.000000 0.000000 0.000000 1.000000
0.863819 0.210991 0.457492 -0.649835 -0.262567 0.963544 0.051392 99.107292 -0.429970 -0.164516 0.887727 46.123856 0.000000 0.000000 0.000000 1.000000
0.752372 0.353767 0.555684 -1.729945 -0.449068 0.892613 0.039753 100.506119 -0.481948 -0.279449 0.830443 45.466236 0.000000 0.000000 0.000000 1.000000
0.597906 0.508521 0.619609 -2.824288 -0.638465 0.769496 -0.015433 100.794670 -0.484635 -0.386371 0.784759 44.512753 0.000000 0.000000 0.000000 1.000000
0.410195 0.644848 0.644912 -3.806031 -0.786623 0.607987 -0.107597 100.113342 -0.461481 -0.463167 0.756645 44.277695 0.000000 0.000000 0.000000 1.000000
0.206940 0.740501 0.639401 -5.194009 -0.872528 0.435329 -0.221771 98.965508 -0.442572 -0.512003 0.736195 44.414803 0.000000 0.000000 0.000000 1.000000
0.021360 0.789621 0.613224 -7.052410 -0.901018 0.281008 -0.330457 97.641060 -0.433256 -0.545467 0.717464 44.372700 0.000000 0.000000 0.000000 1.000000
-0.105178 0.803363 0.586128 -8.673601 -0.906049 0.165524 -0.389458 96.621613 -0.409895 -0.572023 0.710476 44.456181 0.000000 0.000000 0.000000 1.000000
-0.143228 0.801847 0.580109 -9.459078 -0.922160 0.104682 -0.372375 95.963005 -0.359315 -0.588288 0.724438 44.595661 0.000000 0.000000 0.000000 1.000000
-0.111321 0.801649 0.587339 -9.278322 -0.949031 0.089607 -0.302178 95.486046 -0.294870 -0.591041 0.750814 44.315601 0.000000 0.000000 0.000000 1.000000
-0.069113 0.806983 0.586516 -8.663090 -0.965197 0.094555 -0.243833 95.064468 -0.252227 -0.582956 0.772363 43.756969 0.000000 0.000000 0.000000 1.000000
-0.052168 0.815856 0.575897 -7.884259 -0.966228 0.104489 -0.235554 94.653404 -0.252353 -0.568736 0.782852 43.099339 0.000000 0.000000 0.000000 1.000000
-0.048817 0.827056 0.559995 -6.961992 -0.957167 0.121462 -0.262826 94.302025 -0.285390 -0.548839 0.785702 42.533981 0.000000 0.000000 0.000000 1.000000
-0.030329 0.838086 0.544694 -5.911664 -0.946800 0.150587 -0.284417 94.073181 -0.320390 -0.524342 0.788933 41.979855 0.000000 0.000000 0.000000 1.000000
0.022952 0.845254 0.533872 -4.796208 -0.937473 0.203709 -0.282219 94.034592 -0.347301 -0.494013 0.797078 41.193939 0.000000 0.000000 0.000000 1.000000
0.115100 0.847125 0.518779 -3.715873 -0.924593 0.282287 -0.255816 94.110977 -0.363153 -0.450215 0.815737 40.109062 0.000000 0.000000 0.000000 1.000000
0.240696 0.840377 0.485625 -2.593067 -0.902081 0.378344 -0.207619 94.270500 -0.358212 -0.388101 0.849154 38.480278 0.000000 0.000000 0.000000 1.000000
0.398456 0.810394 0.429528 -0.892411 -0.857477 0.495352 -0.139136 94.608955 -0.325523 -0.312871 0.892270 35.750839 0.000000 0.000000 0.000000 1.000000
0.580487 0.737963 0.344161 1.519029 -0.767484 0.637065 -0.071525 95.154755 -0.272035 -0.222619 0.936183 32.089252 0.000000 0.000000 0.000000 1.000000
0.743015 0.627299 0.233291 4.233346 -0.637146 0.769686 -0.040354 95.604355 -0.204875 -0.118657 0.971569 28.293976 0.000000 0.000000 0.000000 1.000000
0.848308 0.513621 0.128715 6.433289 -0.511586 0.857719 -0.050966 95.569588 -0.136578 -0.022614 0.990371 25.178606 0.000000 0.000000 0.000000 1.000000
0.904876 0.423190 0.045926 7.690592 -0.418918 0.904462 -0.080353 95.116089 -0.075543 0.053470 0.995708 22.913433 0.000000 0.000000 0.000000 1.000000
0.934337 0.355447 -0.025931 8.236586 -0.355997 0.927407 -0.114813 94.671455 -0.016761 0.116506 0.993049 21.268436 0.000000 0.000000 0.000000 1.000000
0.951700 0.293365 -0.090580 8.401533 -0.304391 0.940126 -0.153328 94.077194 0.040176 0.173494 0.984015 19.851658 0.000000 0.000000 0.000000 1.000000
0.961168 0.233953 -0.146364 8.330391 -0.259758 0.946070 -0.193592 93.302185 0.093179 0.224094 0.970103 18.514038 0.000000 0.000000 0.000000 1.000000
0.965074 0.179251 -0.191054 8.068378 -0.221827 0.947103 -0.231926 92.371307 0.139375 0.266207 0.953787 17.156269 0.000000 0.000000 0.000000 1.000000
0.965974 0.133986 -0.221227 7.587129 -0.191552 0.945354 -0.263845 91.264153 0.173786 0.297244 0.938853 15.642988 0.000000 0.000000 0.000000 1.000000
0.967150 0.106585 -0.230784 6.817780 -0.171674 0.943411 -0.283730 89.985321 0.187483 0.314029 0.930718 13.912971 0.000000 0.000000 0.000000 1.000000
0.970446 0.099986 -0.219630 5.681773 -0.162735 0.943193 -0.289663 88.532143 0.178191 0.316844 0.931589 11.917455 0.000000 0.000000 0.000000 1.000000
0.974842 0.105942 -0.196112 4.355305 -0.160493 0.944167 -0.287735 86.934822 0.154679 0.311971 0.937416 9.794786 0.000000 0.000000 0.000000 1.000000
0.978743 0.113478 -0.170833 3.066383 -0.159343 0.945167 -0.285076 85.286377 0.129116 0.306237 0.943158 7.686067 0.000000 0.000000 0.000000 1.000000
0.981979 0.116171 -0.149071 1.852023 -0.155049 0.946214 -0.283971 83.638016 0.108064 0.301966 0.947174 5.634189 0.000000 0.000000 0.000000 1.000000
0.984644 0.114880 -0.131445 0.671836 -0.148395 0.947385 -0.283621 82.011345 0.091946 0.298772 0.949885 3.607072 0.000000 0.000000 0.000000 1.000000</float_array>
        <technique_common>
          <accessor source="#mixamorig_Hips-Matrix-animation-output-transform-array" count="41" stride="16">
            <param type="float4x4"/>
          </accessor>
        </technique_common>
      </source>
      <source id="mixamorig_Hips-Interpolations">
        <Name_array id="mixamorig_Hips-Interpolations-array" count="41">
 LINEAR LINEAR LINEAR LINEAR LINEAR LINEAR LINEAR LINEAR LINEAR LINEAR LINEAR
LINEAR LINEAR LINEAR LINEAR LINEAR LINEAR LINEAR LINEAR LINEAR LINEAR LINEAR LINEAR
LINEAR LINEAR LINEAR LINEAR LINEAR LINEAR LINEAR LINEAR LINEAR LINEAR LINEAR LINEAR
LINEAR LINEAR LINEAR LINEAR LINEAR LINEAR</Name_array>
        <technique_common>
          <accessor source="#mixamorig_Hips-Interpolations-array" count="41">
            <param type="name"/>
          </accessor>
        </technique_common>
      </source>
      <sampler id="mixamorig_Hips-Matrix-animation-transform">
        <input semantic="INPUT" source="#mixamorig_Hips-Matrix-animation-input"/>
        <input semantic="OUTPUT" source="#mixamorig_Hips-Matrix-animation-output-transform"/>
        <input semantic="INTERPOLATION" source="#mixamorig_Hips-Interpolations"/>
      </sampler>
      <channel source="#mixamorig_Hips-Matrix-animation-transform" target="mixamorig_Hips/matrix"/>
    </animation>
    <animation id="mixamorig_Spine-anim" name="mixamorig_Spine">
      <source id="mixamorig_Spine-Matrix-animation-input">
        <float_array id="mixamorig_Spine-Matrix-animation-input-array" count="41">

0.000000 0.033333 0.066667 0.100000 0.133333 0.166667 0.200000 0.233333 0.266667 0.300000 0.333333 0.366667 0.400000 0.433333 0.466667 0.500000
0.533333 0.566667 0.600000 0.633333 0.666667 0.700000 0.733333 0.766667 0.800000 0.833333 0.866667 0.900000 0.933333 0.966667 1.000000 1.033333
1.066667 1.100000 1.133333 1.166667 1.200000 1.233333 1.266667 1.300000 1.333333</float_array>
        <technique_common>
          <accessor source="#mixamorig_Spine-Matrix-animation-input-array" count="41">
            <param name="TIME" type="float"/>
          </accessor>
        </technique_common>
      </source>
      <source id="mixamorig_Spine-Matrix-animation-output-transform">
        <float_array id="mixamorig_Spine-Matrix-animation-output-transform-array" count="656">

0.964381 0.116297 0.237579 0.000000 -0.076482 0.982396 -0.170434 5.645700 -0.253218 0.146193 0.956299 -0.031900 0.000000 0.000000 0.000000 1.000000
0.971362 0.105959 0.212672 0.000000 -0.085625 0.991023 -0.102673 5.645700 -0.221642 0.081523 0.971714 -0.031900 0.000000 0.000000 0.000000 1.000000
0.977268 0.098260 0.187864 0.000000 -0.091324 0.994793 -0.045251 5.645700 -0.191332 0.027066 0.981152 -0.031900 0.000000 0.000000 0.000000 1.000000
0.981871 0.092798 0.165279 0.000000 -0.092060 0.995680 -0.012136 5.645700 -0.165691 -0.003299 0.986172 -0.031900 0.000000 0.000000 0.000000 1.000000
0.986025 0.084171 0.143770 0.000000 -0.084697 0.996404 -0.002469 5.645700 -0.143461 -0.009742 0.989608 -0.031900 0.000000 0.000000 0.000000 1.000000
0.989571 0.073850 0.123677 -0.000000 -0.073566 0.997267 -0.006867 5.645700 -0.123846 -0.002303 0.992299 -0.031900 0.000000 0.000000 0.000000 1.000000
0.993061 0.055317 0.103780 -0.000000 -0.053494 0.998362 -0.020272 5.645700 -0.104731 0.014579 0.994394 -0.031900 0.000000 0.000000 0.000000 1.000000
0.995965 0.027569 0.085405 0.000000 -0.024026 0.998819 -0.042236 5.645700 -0.086468 0.040014 0.995451 -0.031900 0.000000 0.000000 0.000000 1.000000
0.997536 -0.010288 0.069398 0.000000 0.014957 0.997633 -0.067111 5.645700 -0.068543 0.067983 0.995329 -0.031900 0.000000 0.000000 0.000000 1.000000
0.996775 -0.057157 0.056324 0.000000 0.061912 0.994313 -0.086652 5.645700 -0.051051 0.089860 0.994645 -0.031900 0.000000 0.000000 0.000000 1.000000
0.993157 -0.106852 0.047146 0.000000 0.111056 0.988963 -0.098074 5.645700 -0.036147 0.102639 0.994062 -0.031900 0.000000 0.000000 0.000000 1.000000
0.990894 -0.132563 0.023577 0.000000 0.134315 0.985433 -0.104313 5.645700 -0.009406 0.106530 0.994265 -0.031900 0.000000 0.000000 0.000000 1.000000
0.989128 -0.145465 -0.021565 -0.000000 0.142519 0.984397 -0.103201 5.645700 0.036240 0.099006 0.994427 -0.031900 0.000000 0.000000 0.000000 1.000000
0.984888 -0.157501 -0.072032 0.000000 0.150670 0.984286 -0.092086 5.645700 0.085404 0.079841 0.993142 -0.031900 0.000000 0.000000 0.000000 1.000000
0.980447 -0.164800 -0.107541 0.000000 0.157072 0.984595 -0.076812 5.645700 0.118543 0.058419 0.991229 -0.031900 0.000000 0.000000 0.000000 1.000000
0.979271 -0.162833 -0.120477 0.000000 0.155536 0.985505 -0.067735 5.645700 0.129760 0.047592 0.990403 -0.031900 0.000000 0.000000 0.000000 1.000000
0.981641 -0.151116 -0.116381 -0.000000 0.143872 0.987232 -0.068364 5.645700 0.125225 0.050365 0.990849 -0.031900 0.000000 0.000000 0.000000 1.000000
0.985052 -0.138912 -0.101861 0.000000 0.131691 0.988487 -0.074509 5.645700 0.111039 0.059981 0.992004 -0.031900 0.000000 0.000000 0.000000 1.000000
0.987352 -0.131518 -0.088534 0.000000 0.124445 0.988900 -0.081182 5.645700 0.098228 0.069138 0.992759 -0.031900 0.000000 0.000000 0.000000 1.000000
0.988747 -0.126562 -0.079761 0.000000 0.119599 0.989024 -0.086764 5.645700 0.089867 0.076249 0.993031 -0.031900 0.000000 0.000000 0.000000 1.000000
0.990231 -0.119117 -0.072477 -0.000000 0.112353 0.989477 -0.091172 5.645700 0.082574 0.082139 0.993194 -0.031900 0.000000 0.000000 0.000000 1.000000
0.992056 -0.112024 -0.057237 0.000000 0.106268 0.989762 -0.095275 5.645700 0.067324 0.088436 0.993804 -0.031900 0.000000 0.000000 0.000000 1.000000
0.993483 -0.106744 -0.039961 0.000000 0.102315 0.989710 -0.100024 5.645700 0.050227 0.095283 0.994182 -0.031900 0.000000 0.000000 0.000000 1.000000
0.993976 -0.106187 -0.027119 0.000000 0.102807 0.989147 -0.104972 5.645700 0.037971 0.101552 0.994105 -0.031900 0.000000 0.000000 0.000000 1.000000
0.994164 -0.106421 -0.017687 -0.000000 0.103953 0.988842 -0.106705 5.645700 0.028845 0.104244 0.994133 -0.031900 0.000000 0.000000 0.000000 1.000000
0.995611 -0.093313 -0.007191 0.000000 0.092101 0.990527 -0.101848 5.645700 0.016626 0.100739 0.994774 -0.031900 0.000000 0.000000 0.000000 1.000000
0.998254 -0.058918 0.004287 0.000000 0.059062 0.993994 -0.092132 5.645700 0.001167 0.092224 0.995738 -0.031900 0.000000 0.000000 0.000000 1.000000
0.999665 -0.020110 0.016275 -0.000000 0.021434 0.996085 -0.085759 5.645700 -0.014486 0.086079 0.996183 -0.031900 0.000000 0.000000 0.000000 1.000000
0.999617 0.002603 0.027539 -0.000000 -0.000027 0.995654 -0.093129 5.645700 -0.027662 0.093093 0.995273 -0.031900 0.000000 0.000000 0.000000 1.000000
0.999187 0.010366 0.038973 0.000000 -0.005694 0.992981 -0.118141 5.645700 -0.039924 0.117823 0.992232 -0.031900 0.000000 0.000000 0.000000 1.000000
0.998459 0.012567 0.054058 -0.000000 -0.004051 0.987929 -0.154852 5.645700 -0.055351 0.154395 0.986458 -0.031900 0.000000 0.000000 0.000000 1.000000
0.997343 0.022221 0.069384 0.000000 -0.008275 0.980737 -0.195156 5.645700 -0.072384 0.194063 0.978315 -0.031900 0.000000 0.000000 0.000000 1.000000
0.995674 0.038432 0.084589 -0.000000 -0.017603 0.971981 -0.234401 5.645700 -0.091228 0.231898 0.968453 -0.031900 0.000000 0.000000 0.000000 1.000000
0.993400 0.056744 0.099684 0.000000 -0.027846 0.962368 -0.270320 5.645700 -0.111271 0.265761 0.957596 -0.031900 0.000000 0.000000 0.000000 1.000000
0.990823 0.071212 0.114888 0.000000 -0.033956 0.953842 -0.298383 5.645700 -0.130834 0.291744 0.947506 -0.031900 0.000000 0.000000 0.000000 1.000000
0.988448 0.076469 0.130853 -0.000000 -0.032350 0.949936 -0.310766 5.645700 -0.148066 0.302943 0.941436 -0.031900 0.000000 0.000000 0.000000 1.000000
0.986029 0.074522 0.148977 0.000000 -0.026329 0.952829 -0.302364 5.645700 -0.164482 0.294217 0.941479 -0.031900 0.000000 0.000000 0.000000 1.000000
0.982993 0.073002 0.168512 0.000000 -0.023951 0.960720 -0.276483 5.645700 -0.182077 0.267745 0.946129 -0.031900 0.000000 0.000000 0.000000 1.000000
0.978970 0.077989 0.188509 0.000000 -0.030603 0.969728 -0.242262 5.645700 -0.201697 0.231399 0.951721 -0.031900 0.000000 0.000000 0.000000 1.000000
0.973855 0.090939 0.208173 -0.000000 -0.046574 0.976839 -0.208845 5.645700 -0.222344 0.193690 0.955535 -0.031900 0.000000 0.000000 0.000000 1.000000
0.967706 0.107701 0.227917 0.000000 -0.066581 0.981230 -0.180980 5.645700 -0.243131 0.159960 0.956713 -0.031900 0.000000 0.000000 0.000000 1.000000</float_array>
        <technique_common>
          <accessor source="#mixamorig_Spine-Matrix-animation-output-transform-array" count="41" stride="16">
            <param type="float4x4"/>
          </accessor>
        </technique_common>
      </source>
      <source id="mixamorig_Spine-Interpolations">
        <Name_array id="mixamorig_Spine-Interpolations-array" count="41">
 LINEAR LINEAR LINEAR LINEAR LINEAR LINEAR LINEAR LINEAR LINEAR LINEAR LINEAR
LINEAR LINEAR LINEAR LINEAR LINEAR LINEAR LINEAR LINEAR LINEAR LINEAR LINEAR LINEAR
LINEAR LINEAR LINEAR LINEAR LINEAR LINEAR LINEAR LINEAR LINEAR LINEAR LINEAR LINEAR
LINEAR LINEAR LINEAR LINEAR LINEAR LINEAR</Name_array>
        <technique_common>
          <accessor source="#mixamorig_Spine-Interpolations-array" count="41">
            <param type="name"/>
          </accessor>
        </technique_common>
      </source>
      <sampler id="mixamorig_Spine-Matrix-animation-transform">
        <input semantic="INPUT" source="#mixamorig_Spine-Matrix-animation-input"/>
        <input semantic="OUTPUT" source="#mixamorig_Spine-Matrix-animation-output-transform"/>
        <input semantic="INTERPOLATION" source="#mixamorig_Spine-Interpolations"/>
      </sampler>
      <channel source="#mixamorig_Spine-Matrix-animation-transform" target="mixamorig_Spine/matrix"/>
    </animation>
    <animation id="mixamorig_Spine1-anim" name="mixamorig_Spine1">
      <source id="mixamorig_Spine1-Matrix-animation-input">
        <float_array id="mixamorig_Spine1-Matrix-animation-input-array" count="41">

0.000000 0.033333 0.066667 0.100000 0.133333 0.166667 0.200000 0.233333 0.266667 0.300000 0.333333 0.366667 0.400000 0.433333 0.466667 0.500000
0.533333 0.566667 0.600000 0.633333 0.666667 0.700000 0.733333 0.766667 0.800000 0.833333 0.866667 0.900000 0.933333 0.966667 1.000000 1.033333
1.066667 1.100000 1.133333 1.166667 1.200000 1.233333 1.266667 1.300000 1.333333</float_array>
        <technique_common>
          <accessor source="#mixamorig_Spine1-Matrix-animation-input-array" count="41">
            <param name="TIME" type="float"/>
          </accessor>
        </technique_common>
      </source>
      <source id="mixamorig_Spine1-Matrix-animation-output-transform">
        <float_array id="mixamorig_Spine1-Matrix-animation-output-transform-array" count="656">

0.997453 0.001797 0.071299 0.000000 0.001769 0.998752 -0.049920 6.586800 -0.071300 0.049919 0.996205 0.000000 0.000000 0.000000 0.000000 1.000000
0.988183 0.066983 0.137871 0.000000 -0.062627 0.997398 -0.035701 6.586800 -0.139903 0.026645 0.989807 0.000000 0.000000 0.000000 0.000000 1.000000
0.972191 0.127016 0.196753 0.000000 -0.123330 0.991884 -0.030923 6.586800 -0.199084 0.005798 0.979965 0.000000 0.000000 0.000000 0.000000 1.000000
0.958835 0.164842 0.231218 0.000000 -0.162149 0.986287 -0.030741 6.586800 -0.233115 -0.008016 0.972416 0.000000 0.000000 0.000000 0.000000 1.000000
0.956507 0.171716 0.235813 0.000000 -0.169680 0.985071 -0.029058 6.586800 -0.237283 -0.012218 0.971364 0.000000 0.000000 0.000000 0.000000 1.000000
0.963086 0.156119 0.219298 -0.000000 -0.153220 0.987728 -0.030274 6.586800 -0.221333 -0.004444 0.975188 0.000000 0.000000 0.000000 0.000000 1.000000
0.972391 0.134565 0.190650 0.000000 -0.128143 0.990703 -0.045680 6.586800 -0.195025 0.019988 0.980595 -0.000000 0.000000 0.000000 0.000000 1.000000
0.982058 0.114875 0.149549 0.000000 -0.104010 0.991468 -0.078572 6.586800 -0.157299 0.061608 0.985627 0.000000 0.000000 0.000000 0.000000 1.000000
0.991427 0.089489 0.095205 0.000000 -0.078149 0.990073 -0.116822 6.586800 -0.104715 0.108381 0.988579 0.000000 0.000000 0.000000 0.000000 1.000000
0.998390 0.044228 0.035503 -0.000000 -0.038676 0.988798 -0.144164 6.586800 -0.041482 0.142559 0.988917 -0.000000 0.000000 0.000000 0.000000 1.000000
0.999470 -0.026118 -0.019434 0.000000 0.022734 0.987241 -0.157605 6.586800 0.023303 0.157079 0.987311 0.000000 0.000000 0.000000 0.000000 1.000000
0.991844 -0.109536 -0.065179 0.000000 0.097531 0.981429 -0.165181 6.586800 0.082061 0.157476 0.984107 0.000000 0.000000 0.000000 0.000000 1.000000
0.978570 -0.178885 -0.101984 0.000000 0.160092 0.972431 -0.169557 6.586800 0.129504 0.149596 0.980229 0.000000 0.000000 0.000000 0.000000 1.000000
0.969181 -0.207548 -0.132707 -0.000000 0.184648 0.968621 -0.166367 6.586800 0.163072 0.136736 0.977093 0.000000 0.000000 0.000000 0.000000 1.000000
0.968643 -0.190572 -0.159415 -0.000000 0.165565 0.973500 -0.157752 6.586800 0.185253 0.126412 0.974526 -0.000000 0.000000 0.000000 0.000000 1.000000
0.973226 -0.145691 -0.177779 0.000000 0.118968 0.981081 -0.152728 6.586800 0.196667 0.127489 0.972146 -0.000000 0.000000 0.000000 0.000000 1.000000
0.978629 -0.098102 -0.180726 0.000000 0.070130 0.985399 -0.155146 6.586800 0.193307 0.139156 0.971220 0.000000 0.000000 0.000000 0.000000 1.000000
0.983375 -0.066783 -0.168861 -0.000000 0.039286 0.986136 -0.161223 6.586800 0.177287 0.151909 0.972365 -0.000000 0.000000 0.000000 0.000000 1.000000
0.986734 -0.057001 -0.152011 0.000000 0.031228 0.985491 -0.166828 6.586800 0.159315 0.159868 0.974198 0.000000 0.000000 0.000000 0.000000 1.000000
0.988313 -0.062251 -0.139147 0.000000 0.037866 0.984460 -0.171475 6.586800 0.147660 0.164202 0.975312 0.000000 0.000000 0.000000 0.000000 1.000000
0.988739 -0.070641 -0.131931 0.000000 0.046659 0.983151 -0.176739 6.586800 0.142194 0.168593 0.975376 0.000000 0.000000 0.000000 0.000000 1.000000
0.989165 -0.071654 -0.128132 0.000000 0.047168 0.981639 -0.184825 6.586800 0.139023 0.176779 0.974383 -0.000000 0.000000 0.000000 0.000000 1.000000
0.990082 -0.062558 -0.125794 0.000000 0.036930 0.979790 -0.196593 6.586800 0.135550 0.189997 0.972382 -0.000000 0.000000 0.000000 0.000000 1.000000
0.991196 -0.047410 -0.123627 -0.000000 0.020840 0.977921 -0.207933 6.586800 0.130756 0.203526 0.970299 0.000000 0.000000 0.000000 0.000000 1.000000
0.992254 -0.029733 -0.120618 -0.000000 0.003340 0.976970 -0.213351 6.586800 0.124184 0.211295 0.969501 -0.000000 0.000000 0.000000 0.000000 1.000000
0.993156 -0.010136 -0.116357 0.000000 -0.015149 0.976633 -0.214380 6.586800 0.115811 0.214675 0.969795 0.000000 0.000000 0.000000 0.000000 1.000000
0.993822 0.008349 -0.110672 0.000000 -0.032265 0.975833 -0.216123 6.586800 0.106193 0.218358 0.970074 0.000000 0.000000 0.000000 0.000000 1.000000
0.994501 0.019722 -0.102850 0.000000 -0.041780 0.975283 -0.216974 6.586800 0.096029 0.220078 0.970744 0.000000 0.000000 0.000000 0.000000 1.000000
0.995418 0.023888 -0.092592 0.000000 -0.043033 0.976610 -0.210668 6.586800 0.085394 0.213687 0.973163 0.000000 0.000000 0.000000 0.000000 1.000000
0.996328 0.027813 -0.080969 -0.000000 -0.043217 0.979808 -0.195214 6.586800 0.073905 0.197996 0.977413 0.000000 0.000000 0.000000 0.000000 1.000000
0.996931 0.036524 -0.069247 0.000000 -0.048119 0.983572 -0.173985 6.586800 0.061755 0.176783 0.982311 0.000000 0.000000 0.000000 0.000000 1.000000
0.997080 0.049866 -0.057831 0.000000 -0.058091 0.986886 -0.150603 6.586800 0.049563 0.153523 0.986901 -0.000000 0.000000 0.000000 0.000000 1.000000
0.996747 0.065772 -0.046577 -0.000000 -0.071208 0.989378 -0.126727 6.586800 0.037747 0.129632 0.990843 -0.000000 0.000000 0.000000 0.000000 1.000000
0.996021 0.081849 -0.035241 0.000000 -0.085110 0.990933 -0.103963 6.586800 0.026412 0.106549 0.993957 -0.000000 0.000000 0.000000 0.000000 1.000000
0.995302 0.093948 -0.023403 -0.000000 -0.095626 0.991714 -0.085780 6.586800 0.015150 0.087615 0.996039 0.000000 0.000000 0.000000 0.000000 1.000000
0.995301 0.096267 -0.010414 0.000000 -0.096781 0.992411 -0.075856 6.586800 0.003033 0.076507 0.997064 0.000000 0.000000 0.000000 0.000000 1.000000
0.996287 0.086002 0.004024 0.000000 -0.085474 0.993615 -0.073644 6.586800 -0.010332 0.073027 0.997276 0.000000 0.000000 0.000000 0.000000 1.000000
0.997565 0.067012 0.019347 0.000000 -0.065417 0.995126 -0.073791 6.586800 -0.024197 0.072346 0.997086 0.000000 0.000000 0.000000 0.000000 1.000000
0.998341 0.045968 0.034661 0.000000 -0.043406 0.996506 -0.071358 6.586800 -0.037820 0.069735 0.996848 0.000000 0.000000 0.000000 0.000000 1.000000
0.998414 0.026719 0.049549 -0.000000 -0.023472 0.997610 -0.064992 6.586800 -0.051167 0.063726 0.996655 0.000000 0.000000 0.000000 0.000000 1.000000
0.997897 0.009613 0.064099 0.000000 -0.006047 0.998435 -0.055589 6.586800 -0.064533 0.055085 0.996394 0.000000 0.000000 0.000000 0.000000 1.000000</float_array>
        <technique_common>
          <accessor source="#mixamorig_Spine1-Matrix-animation-output-transform-array" count="41" stride="16">
            <param type="float4x4"/>
          </accessor>
        </technique_common>
      </source>
      <source id="mixamorig_Spine1-Interpolations">
        <Name_array id="mixamorig_Spine1-Interpolations-array" count="41">
 LINEAR LINEAR LINEAR LINEAR LINEAR LINEAR LINEAR LINEAR LINEAR LINEAR LINEAR
LINEAR LINEAR LINEAR LINEAR LINEAR LINEAR LINEAR LINEAR LINEAR LINEAR LINEAR LINEAR
LINEAR LINEAR LINEAR LINEAR LINEAR LINEAR LINEAR LINEAR LINEAR LINEAR LINEAR LINEAR
LINEAR LINEAR LINEAR LINEAR LINEAR LINEAR</Name_array>
        <technique_common>
          <accessor source="#mixamorig_Spine1-Interpolations-array" count="41">
            <param type="name"/>
          </accessor>
        </technique_common>
      </source>
      <sampler id="mixamorig_Spine1-Matrix-animation-transform">
        <input semantic="INPUT" source="#mixamorig_Spine1-Matrix-animation-input"/>
        <input semantic="OUTPUT" source="#mixamorig_Spine1-Matrix-animation-output-transform"/>
        <input semantic="INTERPOLATION" source="#mixamorig_Spine1-Interpolations"/>
      </sampler>
      <channel source="#mixamorig_Spine1-Matrix-animation-transform" target="mixamorig_Spine1/matrix"/>
    </animation>
    <animation id="mixamorig_Spine2-anim" name="mixamorig_Spine2">
      <source id="mixamorig_Spine2-Matrix-animation-input">
        <float_array id="mixamorig_Spine2-Matrix-animation-input-array" count="41">

0.000000 0.033333 0.066667 0.100000 0.133333 0.166667 0.200000 0.233333 0.266667 0.300000 0.333333 0.366667 0.400000 0.433333 0.466667 0.500000
0.533333 0.566667 0.600000 0.633333 0.666667 0.700000 0.733333 0.766667 0.800000 0.833333 0.866667 0.900000 0.933333 0.966667 1.000000 1.033333
1.066667 1.100000 1.133333 1.166667 1.200000 1.233333 1.266667 1.300000 1.333333</float_array>
        <technique_common>
          <accessor source="#mixamorig_Spine2-Matrix-animation-input-array" count="41">
            <param name="TIME" type="float"/>
          </accessor>
        </technique_common>
      </source>
      <source id="mixamorig_Spine2-Matrix-animation-output-transform">
        <float_array id="mixamorig_Spine2-Matrix-animation-output-transform-array" count="656">

0.997154 0.004995 0.075222 0.000000 -0.001249 0.998760 -0.049766 7.527800 -0.075377 0.049531 0.995924 0.000000 0.000000 0.000000 0.000000 1.000000
0.986478 0.075081 0.145683 0.000000 -0.070679 0.996879 -0.035166 7.527800 -0.147868 0.024393 0.988706 0.000000 0.000000 0.000000 0.000000 1.000000
0.969853 0.133648 0.203773 0.000000 -0.130183 0.991025 -0.030376 7.527800 -0.206004 0.002932 0.978547 -0.000000 0.000000 0.000000 0.000000 1.000000
0.958633 0.164581 0.232242 0.000000 -0.162081 0.986323 -0.029941 7.527800 -0.233993 -0.008939 0.972197 0.000000 0.000000 0.000000 0.000000 1.000000
0.958495 0.167738 0.230545 -0.000000 -0.165536 0.985777 -0.029002 7.527800 -0.232131 -0.010365 0.972629 0.000000 0.000000 0.000000 0.000000 1.000000
0.964536 0.156679 0.212419 -0.000000 -0.153451 0.987647 -0.031706 7.527800 -0.214763 -0.002014 0.976664 0.000000 0.000000 0.000000 0.000000 1.000000
0.972281 0.141203 0.186362 0.000000 -0.134735 0.989767 -0.046992 7.527800 -0.191091 0.020580 0.981357 0.000000 0.000000 0.000000 0.000000 1.000000
0.981447 0.121319 0.148467 0.000000 -0.110646 0.990780 -0.078184 7.527800 -0.156584 0.060306 0.985822 -0.000000 0.000000 0.000000 0.000000 1.000000
0.991170 0.091588 0.095888 0.000000 -0.080311 0.990056 -0.115497 7.527800 -0.105513 0.106776 0.988669 -0.000000 0.000000 0.000000 0.000000 1.000000
0.998361 0.043790 0.036845 0.000000 -0.038075 0.988901 -0.143612 7.527800 -0.042725 0.141974 0.988948 0.000000 0.000000 0.000000 0.000000 1.000000
0.999497 -0.026269 -0.017749 0.000000 0.023127 0.987073 -0.158595 7.527800 0.021685 0.158104 0.987184 -0.000000 0.000000 0.000000 0.000000 1.000000
0.992008 -0.109067 -0.063434 0.000000 0.097178 0.981120 -0.167210 7.527800 0.080474 0.159709 0.983879 0.000000 0.000000 0.000000 0.000000 1.000000
0.978747 -0.178988 -0.100086 0.000000 0.160314 0.972168 -0.170850 7.527800 0.127881 0.151174 0.980201 -0.000000 0.000000 0.000000 0.000000 1.000000
0.969306 -0.208889 -0.129661 0.000000 0.186549 0.968398 -0.165542 7.527800 0.160143 0.136273 0.977642 0.000000 0.000000 0.000000 0.000000 1.000000
0.969038 -0.192540 -0.154574 0.000000 0.168458 0.973250 -0.156223 7.527800 0.180518 0.125347 0.975552 -0.000000 0.000000 0.000000 0.000000 1.000000
0.973999 -0.147308 -0.172125 0.000000 0.121461 0.980868 -0.152134 7.527800 0.191243 0.127272 0.973256 0.000000 0.000000 0.000000 0.000000 1.000000
0.979406 -0.099123 -0.175893 0.000000 0.072177 0.985512 -0.153481 7.527800 0.188558 0.137624 0.972371 0.000000 0.000000 0.000000 0.000000 1.000000
0.983722 -0.067449 -0.166556 0.000000 0.041169 0.986824 -0.156473 7.527800 0.174916 0.147069 0.973537 0.000000 0.000000 0.000000 0.000000 1.000000
0.986486 -0.057882 -0.153278 0.000000 0.032537 0.986094 -0.162970 7.527800 0.160580 0.155781 0.974652 0.000000 0.000000 0.000000 0.000000 1.000000
0.987894 -0.064097 -0.141269 0.000000 0.038886 0.983892 -0.174483 7.527800 0.150178 0.166878 0.974473 0.000000 0.000000 0.000000 0.000000 1.000000
0.988884 -0.071389 -0.130427 0.000000 0.046576 0.981778 -0.184235 7.527800 0.141203 0.176113 0.974190 -0.000000 0.000000 0.000000 0.000000 1.000000
0.990238 -0.062491 -0.124591 0.000000 0.038227 0.981351 -0.188385 7.527800 0.134040 0.181784 0.974160 0.000000 0.000000 0.000000 0.000000 1.000000
0.991082 -0.030064 -0.129816 0.000000 0.004514 0.981230 -0.192786 7.527800 0.133175 0.190481 0.972616 0.000000 0.000000 0.000000 0.000000 1.000000
0.989310 0.018069 -0.144707 0.000000 -0.046949 0.978927 -0.198739 7.527800 0.138066 0.203408 0.969311 -0.000000 0.000000 0.000000 0.000000 1.000000
0.984275 0.069939 -0.162206 0.000000 -0.101846 0.974973 -0.197625 7.527800 0.144325 0.211038 0.966764 -0.000000 0.000000 0.000000 0.000000 1.000000
0.976669 0.119509 -0.178422 -0.000000 -0.152339 0.971164 -0.183396 7.527800 0.151360 0.206298 0.966712 -0.000000 0.000000 0.000000 0.000000 1.000000
0.968433 0.161426 -0.189943 -0.000000 -0.192890 0.967950 -0.160832 7.527800 0.157893 0.192393 0.968532 -0.000000 0.000000 0.000000 0.000000 1.000000
0.964537 0.185945 -0.187330 0.000000 -0.213834 0.966553 -0.141598 7.527800 0.154735 0.176634 0.972038 0.000000 0.000000 0.000000 0.000000 1.000000
0.968327 0.189283 -0.162836 -0.000000 -0.211694 0.968184 -0.133436 7.527800 0.132398 0.163681 0.977589 -0.000000 0.000000 0.000000 0.000000 1.000000
0.976266 0.180189 -0.120156 0.000000 -0.195761 0.971499 -0.133670 7.527800 0.092646 0.154019 0.983715 -0.000000 0.000000 0.000000 0.000000 1.000000
0.983051 0.169594 -0.069632 0.000000 -0.177760 0.974675 -0.135684 7.527800 0.044857 0.145762 0.988302 0.000000 0.000000 0.000000 0.000000 1.000000
0.986673 0.161663 -0.018466 0.000000 -0.162667 0.977276 -0.135908 7.527800 -0.003925 0.137101 0.990549 0.000000 0.000000 0.000000 0.000000 1.000000
0.987314 0.155724 0.030998 0.000000 -0.150311 0.979577 -0.133547 7.527800 -0.051162 0.127194 0.990558 0.000000 0.000000 0.000000 0.000000 1.000000
0.985625 0.150677 0.076422 -0.000000 -0.140092 0.981722 -0.128825 7.527800 -0.094437 0.116267 0.988718 0.000000 0.000000 0.000000 0.000000 1.000000
0.983084 0.145455 0.111306 0.000000 -0.131659 0.983681 -0.122625 7.527800 -0.127326 0.105896 0.986192 -0.000000 0.000000 0.000000 0.000000 1.000000
0.982325 0.137048 0.127493 0.000000 -0.122490 0.985693 -0.115786 7.527800 -0.141538 0.098123 0.985058 0.000000 0.000000 0.000000 0.000000 1.000000
0.984851 0.121131 0.124077 -0.000000 -0.107966 0.988287 -0.107850 7.527800 -0.135688 0.092821 0.986394 -0.000000 0.000000 0.000000 0.000000 1.000000
0.989207 0.096506 0.110254 0.000000 -0.085846 0.991511 -0.097656 7.527800 -0.118743 0.087137 0.989094 0.000000 0.000000 0.000000 0.000000 1.000000
0.993101 0.067312 0.096022 0.000000 -0.059196 0.994621 -0.085003 7.527800 -0.101227 0.078733 0.991743 0.000000 0.000000 0.000000 0.000000 1.000000
0.995580 0.039299 0.085298 -0.000000 -0.033278 0.996928 -0.070903 7.527800 -0.087823 0.067751 0.993829 0.000000 0.000000 0.000000 0.000000 1.000000
0.996855 0.015139 0.077791 0.000000 -0.010742 0.998337 -0.056639 7.527800 -0.078519 0.055625 0.995360 0.000000 0.000000 0.000000 0.000000 1.000000</float_array>
        <technique_common>
          <accessor source="#mixamorig_Spine2-Matrix-animation-output-transform-array" count="41" stride="16">
            <param type="float4x4"/>
          </accessor>
        </technique_common>
      </source>
      <source id="mixamorig_Spine2-Interpolations">
        <Name_array id="mixamorig_Spine2-Interpolations-array" count="41">
 LINEAR LINEAR LINEAR LINEAR LINEAR LINEAR LINEAR LINEAR LINEAR LINEAR LINEAR
LINEAR LINEAR LINEAR LINEAR LINEAR LINEAR LINEAR LINEAR LINEAR LINEAR LINEAR LINEAR
LINEAR LINEAR LINEAR LINEAR LINEAR LINEAR LINEAR LINEAR LINEAR LINEAR LINEAR LINEAR
LINEAR LINEAR LINEAR LINEAR LINEAR LINEAR</Name_array>
        <technique_common>
          <accessor source="#mixamorig_Spine2-Interpolations-array" count="41">
            <param type="name"/>
          </accessor>
        </technique_common>
      </source>
      <sampler id="mixamorig_Spine2-Matrix-animation-transform">
        <input semantic="INPUT" source="#mixamorig_Spine2-Matrix-animation-input"/>
        <input semantic="OUTPUT" source="#mixamorig_Spine2-Matrix-animation-output-transform"/>
        <input semantic="INTERPOLATION" source="#mixamorig_Spine2-Interpolations"/>
      </sampler>
      <channel source="#mixamorig_Spine2-Matrix-animation-transform" target="mixamorig_Spine2/matrix"/>
    </animation>
    <animation id="mixamorig_Neck-anim" name="mixamorig_Neck">
      <source id="mixamorig_Neck-Matrix-animation-input">
        <float_array id="mixamorig_Neck-Matrix-animation-input-array" count="41">

0.000000 0.033333 0.066667 0.100000 0.133333 0.166667 0.200000 0.233333 0.266667 0.300000 0.333333 0.366667 0.400000 0.433333 0.466667 0.500000
0.533333 0.566667 0.600000 0.633333 0.666667 0.700000 0.733333 0.766667 0.800000 0.833333 0.866667 0.900000 0.933333 0.966667 1.000000 1.033333
1.066667 1.100000 1.133333 1.166667 1.200000 1.233333 1.266667 1.300000 1.333333</float_array>
        <technique_common>
          <accessor source="#mixamorig_Neck-Matrix-animation-input-array" count="41">
            <param name="TIME" type="float"/>
          </accessor>
        </technique_common>
      </source>
      <source id="mixamorig_Neck-Matrix-animation-output-transform">
        <float_array id="mixamorig_Neck-Matrix-animation-output-transform-array" count="656">

0.996250 -0.076127 -0.041116 -0.000000 0.076451 0.997053 0.006363 8.468700 0.040511 -0.009482 0.999134 -0.000000 0.000000 0.000000 0.000000 1.000000
0.997642 -0.050624 -0.046335 0.000000 0.049178 0.998282 -0.031840 8.468700 0.047867 0.029486 0.998418 0.000000 0.000000 0.000000 0.000000 1.000000
0.998637 -0.029523 -0.043051 0.000000 0.026669 0.997500 -0.065442 8.468700 0.044876 0.064205 0.996927 0.000000 0.000000 0.000000 0.000000 1.000000
0.999466 -0.018529 -0.026908 0.000000 0.015929 0.995460 -0.093834 8.468700 0.028524 0.093356 0.995224 -0.000000 0.000000 0.000000 0.000000 1.000000
0.999898 -0.013883 -0.003215 0.000000 0.013398 0.992704 -0.119830 8.468700 0.004855 0.119774 0.992789 0.000000 0.000000 0.000000 0.000000 1.000000
0.999847 -0.003656 0.017116 0.000000 0.006084 0.989556 -0.144021 8.468700 -0.016411 0.144103 0.989427 0.000000 0.000000 0.000000 0.000000 1.000000
0.999451 0.017267 0.028271 0.000000 -0.012520 0.987005 -0.160203 8.468700 -0.030670 0.159762 0.986679 -0.000000 0.000000 0.000000 0.000000 1.000000
0.998619 0.042310 0.031160 0.000000 -0.036711 0.986049 -0.162360 8.468700 -0.037595 0.160991 0.986240 0.000000 0.000000 0.000000 0.000000 1.000000
0.997604 0.063069 0.028419 -0.000000 -0.058030 0.986604 -0.152460 8.468700 -0.037654 0.150446 0.987901 0.000000 0.000000 0.000000 0.000000 1.000000
0.997338 0.070082 0.020141 0.000000 -0.066739 0.988582 -0.135098 8.468700 -0.029379 0.133394 0.990628 0.000000 0.000000 0.000000 0.000000 1.000000
0.998498 0.054557 0.005022 0.000000 -0.053666 0.992393 -0.110798 8.468700 -0.011029 0.110362 0.993830 0.000000 0.000000 0.000000 0.000000 1.000000
0.999644 0.022222 -0.014741 0.000000 -0.023362 0.996334 -0.082301 8.468700 0.012858 0.082616 0.996498 0.000000 0.000000 0.000000 0.000000 1.000000
0.999402 -0.009776 -0.033176 0.000000 0.007687 0.998013 -0.062532 8.468700 0.033721 0.062240 0.997491 0.000000 0.000000 0.000000 0.000000 1.000000
0.998475 -0.031889 -0.045061 0.000000 0.028916 0.997457 -0.065147 8.468700 0.047024 0.063745 0.996858 -0.000000 0.000000 0.000000 0.000000 1.000000
0.997787 -0.045370 -0.048616 0.000000 0.040986 0.995306 -0.087673 8.468700 0.052365 0.085486 0.994962 0.000000 0.000000 0.000000 0.000000 1.000000
0.997585 -0.052539 -0.045420 0.000000 0.047166 0.992566 -0.112199 8.468700 0.050977 0.109786 0.992647 0.000000 0.000000 0.000000 0.000000 1.000000
0.997790 -0.053409 -0.039525 0.000000 0.048184 0.991232 -0.123031 8.468700 0.045749 0.120855 0.991615 0.000000 0.000000 0.000000 0.000000 1.000000
0.998123 -0.050159 -0.035129 -0.000000 0.045614 0.991728 -0.119980 8.468700 0.040857 0.118153 0.992155 -0.000000 0.000000 0.000000 0.000000 1.000000
0.998304 -0.048661 -0.031956 0.000000 0.044714 0.992430 -0.114385 8.468700 0.037280 0.112762 0.992922 0.000000 0.000000 0.000000 0.000000 1.000000
0.998245 -0.053057 -0.026316 0.000000 0.049733 0.992239 -0.113968 8.468700 0.032159 0.112459 0.993136 -0.000000 0.000000 0.000000 0.000000 1.000000
0.997907 -0.062495 -0.016597 0.000000 0.060128 0.991269 -0.117349 8.468700 0.023786 0.116106 0.992952 0.000000 0.000000 0.000000 0.000000 1.000000
0.997240 -0.074127 -0.004209 0.000000 0.073081 0.990014 -0.120544 8.468700 0.013103 0.119904 0.992699 0.000000 0.000000 0.000000 0.000000 1.000000
0.996253 -0.086035 0.008791 -0.000000 0.086464 0.988779 -0.121822 8.468700 0.001788 0.122126 0.992513 -0.000000 0.000000 0.000000 0.000000 1.000000
0.995059 -0.097069 0.020866 0.000000 0.098889 0.987722 -0.120940 8.468700 -0.008870 0.122406 0.992440 0.000000 0.000000 0.000000 0.000000 1.000000
0.993882 -0.106031 0.030920 0.000000 0.108956 0.987103 -0.117284 8.468700 -0.018085 0.119936 0.992617 -0.000000 0.000000 0.000000 0.000000 1.000000
0.992939 -0.112124 0.038731 0.000000 0.115752 0.987214 -0.109590 8.468700 -0.025948 0.113300 0.993222 0.000000 0.000000 0.000000 0.000000 1.000000
0.992248 -0.115697 0.045356 0.000000 0.119637 0.988088 -0.096791 8.468700 -0.033617 0.101467 0.994271 0.000000 0.000000 0.000000 0.000000 1.000000
0.991673 -0.117766 0.052118 0.000000 0.121648 0.989431 -0.078914 8.468700 -0.042274 0.084597 0.995518 0.000000 0.000000 0.000000 0.000000 1.000000
0.991122 -0.118987 0.059326 0.000000 0.122373 0.990838 -0.057138 8.468700 -0.051984 0.063890 0.996602 -0.000000 0.000000 0.000000 0.000000 1.000000
0.990622 -0.119439 0.066345 0.000000 0.121823 0.991999 -0.033114 8.468700 -0.061859 0.040886 0.997247 -0.000000 0.000000 0.000000 0.000000 1.000000
0.990247 -0.119055 0.072365 0.000000 0.119972 0.992741 -0.008445 8.468700 -0.070835 0.017044 0.997342 0.000000 0.000000 0.000000 0.000000 1.000000
0.990057 -0.117867 0.076769 0.000000 0.117024 0.993010 0.015406 8.468700 -0.078048 -0.006269 0.996930 0.000000 0.000000 0.000000 0.000000 1.000000
